0.0 0.0 0.34902
0.0012561681681681682 0.0020098498498498495 0.3500249089089089
0.0025123363363363364 0.004019699699699699 0.35102981781781784
0.0037685045045045044 0.0060295495495495495 0.3520347267267267
0.005024672672672673 0.008039399399399398 0.3530396356356356
0.006280840840840841 0.010049249249249248 0.35404454454454454
0.007537009009009009 0.012059099099099099 0.35504945345345346
0.008793177177177177 0.014068948948948948 0.3560543623623624
0.010049345345345346 0.016078798798798796 0.3570592712712713
0.011305513513513514 0.018088648648648648 0.35806418018018016
0.012561681681681681 0.020098498498498495 0.3590690890890891
0.01381784984984985 0.022108348348348347 0.360073997997998
0.015074018018018017 0.024118198198198198 0.3610789069069069
0.016330186186186188 0.026128048048048046 0.36208381581581583
0.017586354354354353 0.028137897897897897 0.36308872472472475
0.018842522522522522 0.030147747747747745 0.3640936336336336
0.02009869069069069 0.03215759759759759 0.36509854254254254
0.021354858858858856 0.034167447447447444 0.36610345145145146
0.02261102702702703 0.036177297297297295 0.3671083603603604
0.023867195195195198 0.038187147147147146 0.3681132692692693
0.025123363363363363 0.04019699699699699 0.36911817817817816
0.02637953153153153 0.04220684684684684 0.3701230870870871
0.0276356996996997 0.04421669669669669 0.371127995995996
0.02889186786786787 0.046226546546546544 0.3721329049049049
0.030148036036036035 0.048236396396396396 0.37313781381381383
0.0314042042042042 0.05024624624624624 0.37414272272272275
0.032660372372372376 0.05225609609609609 0.3751476316316316
0.033916540540540545 0.05426594594594594 0.37615254054054054
0.03517270870870871 0.056275795795795794 0.37715744944944946
0.036428876876876876 0.05828564564564564 0.3781623583583584
0.037685045045045044 0.06029549549549549 0.3791672672672673
0.03894121321321321 0.06230534534534534 0.38017217617617616
0.039804813813813816 0.06411892392392392 0.38117711011011013
0.04055849549549549 0.06587754654654654 0.3821820510510511
0.041312177177177174 0.06763616916916916 0.383186991991992
0.04206585885885886 0.0693947917917918 0.38419193293293297
0.04281954054054054 0.07115341441441442 0.38519687387387386
0.04357322222222222 0.07291203703703703 0.3862018148148148
0.044326903903903904 0.07467065965965966 0.38720675575575575
0.045080585585585586 0.07642928228228228 0.3882116966966967
0.04583426726726727 0.0781879049049049 0.38921663763763764
0.046587948948948944 0.07994652752752753 0.3902215785785786
0.04734163063063063 0.08170515015015015 0.39122651951951953
0.048095312312312316 0.08346377277277277 0.3922314604604605
0.04884899399399399 0.08522239539539539 0.3932364014014014
0.049602675675675674 0.08698101801801801 0.3942413423423423
0.050356357357357356 0.08873964064064065 0.39524628328328326
0.05111003903903904 0.09049826326326327 0.3962512242242242
0.05186372072072072 0.09225688588588588 0.39725616516516515
0.0526174024024024 0.09401550850850851 0.3982611061061061
0.05337108408408408 0.09577413113113112 0.39926604704704705
0.05412476576576576 0.09753275375375375 0.400270987987988
0.054878447447447444 0.09929137637637638 0.40127592892892894
0.055632129129129126 0.101049998998999 0.4022808698698699
0.05638581081081081 0.10280862162162163 0.40328581081081083
0.05713949249249249 0.10456724424424424 0.4042907517517518
0.05789317417417417 0.10632586686686687 0.40529569269269267
0.05864685585585585 0.10808448948948948 0.4063006336336336
0.05940053753753753 0.1098431121121121 0.40730557457457456
0.06015421921921922 0.11160173473473474 0.4083105155155155
0.060907900900900896 0.11336035735735736 0.40931545645645645
0.06166158258258257 0.11511897997997997 0.4103203973973974
0.06241526426426426 0.1168776026026026 0.41132533833833834
0.0632396126126126 0.1188482072072072 0.41247157657657657
0.06411892392392392 0.12098368668668669 0.4137277127127127
0.06499823523523524 0.12311916616616618 0.41498384884884887
0.06587754654654654 0.12525464564564565 0.416239984984985
0.06675685785785786 0.12739012512512513 0.4174961211211211
0.06763616916916916 0.1295256046046046 0.41875225725725723
0.06851548048048048 0.13166108408408408 0.4200083933933934
0.0693947917917918 0.13379656356356356 0.42126452952952953
0.0702741031031031 0.13593204304304304 0.42252066566566565
0.07115341441441442 0.13806752252252252 0.4237768018018018
0.07203272572572572 0.140203002002002 0.42503293793793795
0.07291203703703703 0.14233848148148148 0.42628907407407407
0.07379134834834834 0.14447396096096096 0.4275452102102102
0.07467065965965966 0.14660944044044044 0.42880134634634637
0.07554997097097096 0.14874491991991992 0.4300574824824825
0.07642928228228228 0.1508803993993994 0.4313136186186186
0.07730859359359359 0.15301587887887888 0.43256975475475473
0.0781879049049049 0.15515135835835836 0.43382589089089085
0.07906721621621622 0.15728683783783787 0.43508202702702703
0.07994652752752753 0.15942231731731732 0.43633816316316315
0.08082583883883884 0.1615577967967968 0.43759429929929927
0.08170515015015015 0.16369327627627628 0.4388504354354354
0.08258446146146145 0.16582875575575576 0.44010657157157157
0.08346377277277277 0.16796423523523524 0.4413627077077077
0.08434308408408407 0.17009971471471472 0.4426188438438438
0.08522239539539539 0.1722351941941942 0.44387497997998
0.08610170670670671 0.1743706736736737 0.4451311161161161
0.08698101801801801 0.17650615315315316 0.44638725225225223
0.08786032932932933 0.17864163263263264 0.44764338838838835
0.08873964064064065 0.18077711211211211 0.44889952452452453
0.08961895195195195 0.1829125915915916 0.45015566066066065
0.09058462262262262 0.1851776046046046 0.4515413523523524
0.09171516116116116 0.1876899089089089 0.45317437737737737
0.09284569969969969 0.1902022132132132 0.4548074024024024
0.09397623823823824 0.19271451751751753 0.4564404274274274
0.09510677677677677 0.19522682182182183 0.45807345245245246
0.09623731531531532 0.19773912612612612 0.45970647747747745
0.09736785385385384 0.20025143043043042 0.4613395025025025
0.09849839239239239 0.20276373473473475 0.4629725275275275
0.09962893093093093 0.20527603903903904 0.46460555255255254
0.10075946946946945 0.20778834334334334 0.4662385775775776
0.101890008008008 0.21030064764764766 0.4678716026026026
0.10302054654654655 0.21281295195195196 0.4695046276276276
0.10415108508508508 0.21532525625625626 0.4711376526526526
0.10528162362362362 0.21783756056056058 0.47277067767767766
0.10641216216216216 0.22034986486486488 0.4744037027027027
0.1075427007007007 0.22286216916916918 0.4760367277277277
0.10867323923923924 0.2253744734734735 0.47766975275275275
0.10980377777777776 0.22788677777777777 0.47930277777777774
0.11093431631631631 0.2303990820820821 0.4809358028028028
0.11206485485485485 0.2329113863863864 0.48256882782782784
0.11319539339339338 0.2354236906906907 0.48420185285285283
0.11432593193193193 0.23793599499499501 0.4858348778778779
0.11545647047047045 0.24044829929929928 0.48746790290290287
0.116587009009009 0.2429606036036036 0.4891009279279279
0.11771754754754754 0.24547290790790793 0.49073395295295297
0.11884808608608607 0.2479852122122122 0.49236697797797796
0.11997862462462461 0.2504975165165165 0.494000003003003
0.12110916316316316 0.25300982082082085 0.495633028028028
0.12223970170170169 0.2555221251251251 0.49726605305305305
0.12337024024024024 0.25803442942942945 0.4988990780780781
0.12450077877877877 0.26054673373373377 0.5005321031031031
0.12563131731731733 0.2630433383383384 0.502118017017017
0.12676185585585584 0.265430045045045 0.5033741531531531
0.12789239439439437 0.26781675175175174 0.5046302892892893
0.12902293293293293 0.27020345845845845 0.5058864254254254
0.13015347147147147 0.2725901651651652 0.5071425615615616
0.13128401001001003 0.2749768718718719 0.5083986976976977
0.13241454854854853 0.2773635785785786 0.5096548338338338
0.13354508708708707 0.2797502852852853 0.51091096996997
0.13467562562562563 0.282136991991992 0.512167106106106
0.13580616416416416 0.2845236986986987 0.5134232422422422
0.1369367027027027 0.2869104054054054 0.5146793783783784
0.13806724124124123 0.28929711211211206 0.5159355145145145
0.13919777977977976 0.29168381881881883 0.5171916506506506
0.14032831831831832 0.29407052552552554 0.5184477867867868
0.14145885685685686 0.29645723223223225 0.5197039229229229
0.1425893953953954 0.29884393893893896 0.5209600590590591
0.14371993393393395 0.30123064564564567 0.5222161951951952
0.14485047247247246 0.3036173523523523 0.5234723313313313
0.14598101101101102 0.3060040590590591 0.5247284674674675
0.14711154954954955 0.3083907657657658 0.5259846036036036
0.1482420880880881 0.3107774724724725 0.5272407397397397
0.14937262662662665 0.3131641791791792 0.5284968758758759
0.15050316516516515 0.31555088588588587 0.529753012012012
0.15163370370370371 0.3179375925925926 0.5310091481481481
0.15276424224224225 0.3203242992992993 0.5322652842842843
0.15389478078078078 0.32271100600600605 0.5335214204204204
0.15502531931931934 0.32509771271271276 0.5347775565565566
0.15615585785785788 0.32748441941941947 0.5360336926926927
0.1572863963963964 0.3298711261261261 0.5372898288288288
0.15841693493493494 0.33225783283283283 0.538545964964965
0.15954747347347348 0.33464453953953954 0.539802101101101
0.16067801201201204 0.33703124624624625 0.5410582372372372
0.16192240240240244 0.3389625745745746 0.5419728758758758
0.16317857057057056 0.3408467947947948 0.5428521871871872
0.16443473873873873 0.342731015015015 0.5437314984984984
0.1656909069069069 0.34461523523523524 0.5446108098098098
0.16694707507507509 0.34649945545545546 0.5454901211211212
0.16820324324324326 0.3483836756756757 0.5463694324324324
0.1694594114114114 0.3502678958958959 0.5472487437437438
0.17071557957957958 0.35215211611611613 0.548128055055055
0.17197174774774776 0.35403633633633635 0.5490073663663664
0.17322791591591594 0.3559205565565566 0.5498866776776776
0.1744840840840841 0.3578047767767768 0.550765988988989
0.17574025225225223 0.35968899699699697 0.5516453003003002
0.1769964204204204 0.3615732172172172 0.5525246116116116
0.17825258858858858 0.3634574374374374 0.553403922922923
0.17950875675675676 0.3653416576576577 0.5542832342342342
0.18076492492492494 0.3672258778778779 0.5551625455455456
0.1820210930930931 0.36911009809809814 0.5560418568568568
0.18327726126126126 0.3709943183183183 0.5569211681681682
0.18453342942942944 0.37287853853853853 0.5578004794794794
0.1857895975975976 0.37476275875875875 0.5586797907907908
0.1870457657657658 0.376646978978979 0.5595591021021021
0.18830193393393396 0.3785311991991992 0.5604384134134134
0.1895581021021021 0.38041541941941936 0.5613177247247247
0.19081427027027026 0.38229963963963964 0.562197036036036
0.19207043843843846 0.38418385985985987 0.5630763473473474
0.1933266066066066 0.3860680800800801 0.5639556586586587
0.19458277477477479 0.3879523003003003 0.56483496996997
0.19583894294294296 0.38983652052052054 0.5657142812812813
0.1970951111111111 0.3917207407407407 0.5665935925925926
0.19835127927927929 0.3936049609609609 0.5674729039039039
0.19960744744744746 0.39548918118118115 0.5683522152152152
0.20086361561561564 0.3973734234234234 0.5693178968968969
0.2021197837837838 0.39925767567567566 0.5703228378378379
0.20337595195195196 0.4011419279279279 0.5713277787787787
0.2046321201201201 0.40302618018018016 0.5723327197197197
0.20588828828828828 0.4049104324324324 0.5733376606606606
0.20714445645645646 0.40679468468468466 0.5743426016016016
0.20840062462462464 0.4086789369369369 0.5753475425425425
0.20965679279279278 0.41056318918918916 0.5763524834834834
0.21091296096096096 0.4124474414414414 0.5773574244244244
0.21216912912912914 0.41433169369369366 0.5783623653653653
0.2134252972972973 0.4162159459459459 0.5793673063063063
0.2146814654654655 0.4181001981981982 0.5803722472472472
0.21593763363363364 0.4199844504504504 0.5813771881881882
0.2171938018018018 0.42186870270270266 0.5823821291291291
0.21844996996997 0.4237529549549549 0.5833870700700701
0.21970613813813816 0.4256372072072072 0.584392011011011
0.2209623063063063 0.42752145945945946 0.585396951951952
0.22221847447447451 0.4294057117117117 0.5864018928928929
0.22347464264264263 0.4312899639639639 0.5874068338338339
0.2247308108108108 0.43317421621621616 0.5884117747747748
0.225986978978979 0.43505846846846846 0.5894167157157157
0.22724314714714716 0.4369427207207207 0.5904216566566567
0.22849931531531534 0.43882697297297296 0.5914265975975976
0.22975548348348349 0.44071122522522516 0.5924315385385385
0.23101165165165166 0.4425954774774774 0.5934364794794794
0.23226781981981984 0.4444797297297297 0.5944414204204204
0.233523987987988 0.44636398198198196 0.5954463613613613
0.23478015615615616 0.4482482342342342 0.5964513023023023
0.23603632432432436 0.45013248648648646 0.5974562432432432
0.23729249249249248 0.4520167387387387 0.5984611841841841
0.23854866066066066 0.45390099099099096 0.5994661251251251
0.2399225915915916 0.455903006006006 0.6007654654654655
0.241429986986987 0.4580384854854855 0.6023984584584584
0.2429373823823824 0.46017396496496493 0.6040314514514514
0.24444477777777776 0.4623094444444444 0.6056644444444444
0.24595217317317317 0.4644449239239239 0.6072974374374374
0.24745956856856857 0.46658040340340334 0.6089304304304304
0.24896696396396398 0.46871588288288285 0.6105634234234234
0.25047435935935936 0.47085136236236236 0.6121964164164164
0.25198175475475476 0.47298684184184175 0.6138294094094093
0.25348915015015017 0.47512232132132126 0.6154624024024024
0.25499654554554557 0.47725780080080077 0.6170953953953954
0.256503940940941 0.4793932802802803 0.6187283883883884
0.2580113363363363 0.48152875975975973 0.6203613813813814
0.25951873173173173 0.4836642392392392 0.6219943743743743
0.26102612712712714 0.48579971871871863 0.6236273673673673
0.26253352252252254 0.48793519819819814 0.6252603603603604
0.26404091791791795 0.49007067767767765 0.6268933533533534
0.2655483133133133 0.4922061571571571 0.6285263463463463
0.2670557087087087 0.4943416366366366 0.6301593393393393
0.2685631041041041 0.49647711611611606 0.6317923323323323
0.2700704994994995 0.49861259559559556 0.6334253253253253
0.2715778948948949 0.500748075075075 0.6350583183183183
0.2730852902902903 0.5028835545545545 0.6366913113113113
0.27459268568568573 0.505019034034034 0.6383243043043043
0.2761000810810811 0.5071545135135135 0.6399572972972972
0.2776074764764765 0.5092899929929929 0.6415902902902902
0.2791148718718719 0.5114254724724724 0.6432232832832833
0.28062226726726724 0.513560951951952 0.6448562762762763
0.2821296626626627 0.5156964314314314 0.6464892692692693
0.28363705805805806 0.5178319109109109 0.6481222622622623
0.28514445345345346 0.5199673903903903 0.6497552552552552
0.2866832482482483 0.5221342692692693 0.6513882562562563
0.2883162412412412 0.5243953463463463 0.6530212812812812
0.2899492342342342 0.5266564234234233 0.6546543063063063
0.29158222722722726 0.5289175005005005 0.6562873313313313
0.29321522022022023 0.5311785775775775 0.6579203563563564
0.29484821321321325 0.5334396546546547 0.6595533813813814
0.2964812062062062 0.5357007317317317 0.6611864064064064
0.2981141991991992 0.5379618088088087 0.6628194314314314
0.2997471921921922 0.5402228858858859 0.6644524564564565
0.30138018518518517 0.5424839629629629 0.6660854814814814
0.30301317817817824 0.5447450400400401 0.6677185065065065
0.30464617117117115 0.5470061171171171 0.6693515315315315
0.3062791641641641 0.5492671941941941 0.6709845565565565
0.3079121571571572 0.5515282712712712 0.6726175815815816
0.30954515015015016 0.5537893483483483 0.6742506066066065
0.3111781431431432 0.5560504254254255 0.6758836316316317
0.31281113613613615 0.5583115025025025 0.6775166566566566
0.3144441291291291 0.5605725795795795 0.6791496816816817
0.31607712212212213 0.5628336566566566 0.6807827067067067
0.3177101151151151 0.5650947337337338 0.6824157317317316
0.3193431081081082 0.5673558108108109 0.6840487567567568
0.3209761011011011 0.5696168878878879 0.6856817817817817
0.32260909409409405 0.5718779649649649 0.6873148068068067
0.3242420870870871 0.574139042042042 0.6889478318318318
0.3258750800800801 0.5764001191191191 0.6905808568568568
0.3275080730730731 0.5786611961961963 0.6922138818818818
0.3291410660660661 0.5809222732732733 0.6938469069069069
0.3307740590590591 0.5831833503503504 0.6954799319319319
0.33240705205205207 0.5854444274274275 0.697112956956957
0.33404004504504503 0.5877055045045045 0.6987459819819819
0.33567303803803805 0.5899665815815817 0.700379007007007
0.337306031031031 0.5922198078078078 0.7020081061061061
0.3389390240240241 0.5942296576576578 0.7035155015015014
0.34057201701701706 0.5962395075075075 0.7050228968968969
0.34220501001000997 0.5982493573573574 0.7065302922922923
0.34383800300300305 0.6002592072072073 0.7080376876876877
0.345470995995996 0.602269057057057 0.7095450830830831
0.34710398898898903 0.604278906906907 0.7110524784784785
0.348736981981982 0.6062887567567568 0.7125598738738739
0.35036997497497496 0.6082986066066066 0.7140672692692692
0.352002967967968 0.6103084564564565 0.7155746646646647
0.35363596096096095 0.6123183063063063 0.71708206006006
0.355268953953954 0.6143281561561562 0.7185894554554555
0.35690194694694694 0.616338006006006 0.7200968508508508
0.3585349399399399 0.6183478558558558 0.7216042462462462
0.360167932932933 0.6203577057057057 0.7231116416416417
0.3618009259259259 0.6223675555555556 0.724619037037037
0.36343391891891896 0.6243774054054054 0.7261264324324325
0.36506691191191193 0.6263872552552553 0.7276338278278278
0.3666999049049049 0.628397105105105 0.7291412232232232
0.3683328978978979 0.630406954954955 0.7306486186186186
0.3699658908908909 0.6324168048048048 0.732156014014014
0.3715988838838839 0.6344266546546546 0.7336634094094094
0.37323187687687687 0.6364365045045045 0.7351708048048048
0.3748648698698699 0.6384463543543544 0.7366782002002003
0.37649786286286285 0.6404562042042042 0.7381855955955956
0.3781308558558558 0.642466054054054 0.739692990990991
0.3797638488488489 0.644475903903904 0.7412003863863864
0.3813968418418418 0.6464857537537537 0.7427077817817818
0.3830298348348349 0.6484956036036036 0.7442151771771772
0.38466282782782785 0.6505054534534535 0.7457225725725726
0.3862958208208208 0.6525153033033032 0.7472299679679679
0.38792881381381383 0.6545251531531532 0.7487373633633634
0.39027627327327324 0.6570453213213213 0.7508571251251251
0.39278860960960965 0.6596832552552553 0.7531182022022023
0.39530094594594595 0.6623211891891891 0.7553792792792793
0.39781328228228224 0.664959123123123 0.7576403563563563
0.40032561861861865 0.6675970570570571 0.7599014334334335
0.4028379549549549 0.6702349909909909 0.7621625105105105
0.40535029129129135 0.672872924924925 0.7644235875875877
0.4078626276276276 0.6755108588588589 0.7666846646646647
0.4103749639639639 0.6781487927927927 0.7689457417417417
0.4128873003003003 0.6807867267267267 0.7712068188188188
0.4153996366366366 0.6834246606606607 0.7734678958958959
0.417911972972973 0.6860625945945946 0.775728972972973
0.4204243093093093 0.6887005285285285 0.7779900500500501
0.4229366456456456 0.6913384624624623 0.7802511271271271
0.425448981981982 0.6939763963963964 0.7825122042042042
0.4279613183183183 0.6966143303303303 0.7847732812812812
0.4304736546546547 0.6992522642642643 0.7870343583583584
0.432985990990991 0.7018901981981982 0.7892954354354355
0.43549832732732724 0.7045281321321321 0.7915565125125125
0.4380106636636637 0.707166066066066 0.7938175895895896
0.44052299999999994 0.709804 0.7960786666666666
0.44303533633633635 0.712441933933934 0.7983397437437438
0.44554767267267265 0.7150798678678678 0.8006008208208208
0.44806000900900894 0.7177178018018017 0.8028618978978979
0.45057234534534535 0.7203557357357357 0.805122974974975
0.45308468168168164 0.7229936696696696 0.807384052052052
0.45559701801801805 0.7256316036036037 0.8096451291291291
0.45810935435435435 0.7282695375375375 0.8119062062062061
0.46062169069069075 0.7309074714714715 0.8141672832832834
0.463134027027027 0.7335454054054054 0.8164283603603604
0.4656463633633633 0.7361833393393393 0.8186894374374374
0.4686807717717718 0.7388212732732733 0.8207267557557558
0.4720723873873873 0.7414592072072071 0.822610975975976
0.47546400300300307 0.7440971411411412 0.8244951961961963
0.4788556186186186 0.7467350750750751 0.8263794164164164
0.48224723423423416 0.7493730090090089 0.8282636366366366
0.4856388498498499 0.7520109429429429 0.8301478568568569
0.4890304654654654 0.7546488768768769 0.832032077077077
0.49242208108108115 0.7572868108108108 0.8339162972972973
0.49581369669669667 0.7599247447447447 0.8358005175175175
0.49920531231231224 0.7625626786786786 0.8376847377377377
0.502596927927928 0.7652006126126126 0.8395689579579579
0.5059885435435435 0.7678385465465465 0.8414531781781781
0.5093801591591592 0.7704764804804806 0.8433373983983984
0.5127717747747748 0.7731144144144144 0.8452216186186186
0.5161633903903903 0.7757523483483483 0.8471058388388387
0.519555006006006 0.7783902822822824 0.848990059059059
0.5229466216216215 0.7810282162162162 0.8508742792792793
0.5263382372372373 0.7836661501501502 0.8527584994994996
0.5297298528528528 0.786304084084084 0.8546427197197197
0.5331214684684683 0.788942018018018 0.8565269399399399
0.536513084084084 0.791579951951952 0.8584111601601602
0.5399046996996997 0.7942178858858858 0.8602953803803803
0.5432963153153153 0.7968558198198199 0.8621796006006006
0.5466879309309309 0.7994937537537538 0.8640638208208208
0.5500795465465467 0.8021316876876877 0.8659480410410411
0.5534711621621622 0.8047696216216216 0.8678322612612612
0.5568627777777777 0.8074075555555555 0.8697164814814814
0.5602543933933934 0.8100454894894895 0.8716007017017017
0.563646009009009 0.8126834234234234 0.8734849219219218
0.5670376246246247 0.8153213573573574 0.8753691421421421
0.5704292402402402 0.8179592912912913 0.8772533623623623
0.5735382252252251 0.8201732732732733 0.8788078528528528
0.5761761591591592 0.8216806686686687 0.8798127937937937
0.5788140930930931 0.8231880640640641 0.8808177347347347
0.581452027027027 0.8246954594594595 0.8818226756756756
0.5840899609609609 0.8262028548548549 0.8828276166166166
0.5867278948948949 0.8277102502502502 0.8838325575575575
0.5893658288288288 0.8292176456456457 0.8848374984984985
0.5920037627627627 0.8307250410410411 0.8858424394394394
0.5946416966966968 0.8322324364364364 0.8868473803803804
0.5972796306306306 0.8337398318318319 0.8878523213213213
0.5999175645645645 0.8352472272272272 0.8888572622622621
0.6025554984984985 0.8367546226226226 0.8898622032032032
0.6051934324324324 0.838262018018018 0.890867144144144
0.6078313663663664 0.8397694134134134 0.8918720850850851
0.6104693003003002 0.8412768088088088 0.8928770260260259
0.6131072342342342 0.8427842042042042 0.8938819669669669
0.6157451681681682 0.8442915995995995 0.8948869079079078
0.618383102102102 0.845798994994995 0.8958918488488488
0.6210210360360361 0.8473063903903904 0.8968967897897897
0.62365896996997 0.8488137857857857 0.8979017307307307
0.6262969039039038 0.8503211811811812 0.8989066716716716
0.6289348378378379 0.8518285765765765 0.8999116126126125
0.6315727717717717 0.853335971971972 0.9009165535535535
0.6342107057057057 0.8548433673673673 0.9019214944944944
0.6368486396396396 0.8563507627627627 0.9029264354354354
0.6394865735735735 0.8578581581581581 0.9039313763763763
0.6421245075075075 0.8593655535535535 0.9049363173173173
0.6447624414414413 0.8608729489489488 0.9059412582582582
0.6474003753753754 0.8623803443443443 0.9069461991991992
0.6500383093093093 0.8638877397397396 0.9079511401401401
0.6526762432432432 0.8653951351351351 0.9089560810810811
0.6553926856856856 0.8669221551551551 0.9099610170170169
0.658533074074074 0.868555148148148 0.9109659259259258
0.6616734624624625 0.8701881411411412 0.9119708348348348
0.6648138508508508 0.8718211341341341 0.9129757437437437
0.6679542392392392 0.8734541271271271 0.9139806526526526
0.6710946276276276 0.8750871201201201 0.9149855615615615
0.6742350160160159 0.876720113113113 0.9159904704704704
0.6773754044044045 0.8783531061061061 0.9169953793793794
0.6805157927927927 0.8799860990990991 0.9180002882882883
0.6836561811811812 0.8816190920920921 0.9190051971971972
0.6867965695695696 0.883252085085085 0.9200101061061061
0.6899369579579578 0.884885078078078 0.9210150150150149
0.6930773463463463 0.8865180710710711 0.922019923923924
0.6962177347347347 0.888151064064064 0.9230248328328328
0.6993581231231232 0.8897840570570571 0.9240297417417417
0.7024985115115114 0.89141705005005 0.9250346506506506
0.7056388998998998 0.893050043043043 0.9260395595595595
0.7087792882882883 0.894683036036036 0.9270444684684684
0.7119196766766765 0.896316029029029 0.9280493773773774
0.7150600650650651 0.897949022022022 0.9290542862862863
0.7182004534534534 0.899582015015015 0.9300591951951952
0.7213408418418417 0.9012150080080079 0.9310641041041041
0.7244812302302303 0.9028480010010009 0.932069013013013
0.7276216186186185 0.904480993993994 0.9330739219219218
0.730762007007007 0.906113986986987 0.9340788308308309
0.7339023953953954 0.90774697997998 0.9350837397397397
0.7370427837837839 0.909379972972973 0.9360886486486487
0.7401831721721721 0.9110129659659659 0.9370935575575575
0.7433235605605605 0.912645958958959 0.9380984664664664
0.746463948948949 0.914278951951952 0.9391033753753754
0.7496043373373373 0.9159119449449449 0.9401082842842843
0.7527447257257258 0.917544937937938 0.9411131931931932
0.7550607597597597 0.9188246576576576 0.9420003543543544
0.7573218368368367 0.9200808258258258 0.9428796656656656
0.7595829139139139 0.921336993993994 0.943758976976977
0.761843990990991 0.9225931621621621 0.9446382882882883
0.7641050680680681 0.9238493303303303 0.9455175995995996
0.7663661451451451 0.9251054984984985 0.9463969109109109
0.7686272222222221 0.9263616666666666 0.9472762222222222
0.7708882992992993 0.9276178348348348 0.9481555335335335
0.7731493763763763 0.9288740030030029 0.9490348448448448
0.7754104534534535 0.9301301711711711 0.9499141561561562
0.7776715305305305 0.9313863393393393 0.9507934674674675
0.7799326076076075 0.9326425075075074 0.9516727787787788
0.7821936846846846 0.9338986756756756 0.9525520900900901
0.7844547617617617 0.9351548438438438 0.9534314014014014
0.7867158388388389 0.936411012012012 0.9543107127127127
0.7889769159159159 0.9376671801801801 0.9551900240240241
0.7912379929929929 0.9389233483483483 0.9560693353353353
0.79349907007007 0.9401795165165165 0.9569486466466467
0.795760147147147 0.9414356846846846 0.9578279579579579
0.7980212242242242 0.9426918528528528 0.9587072692692693
0.8002823013013013 0.943948021021021 0.9595865805805806
0.8025433783783783 0.9452041891891891 0.9604658918918919
0.8048044554554554 0.9464603573573573 0.9613452032032033
0.8070655325325324 0.9477165255255255 0.9622245145145145
0.8093266096096096 0.9489726936936937 0.9631038258258259
0.8115876866866867 0.9502288618618618 0.9639831371371371
0.8138487637637637 0.95148503003003 0.9648624484484485
0.8161098408408408 0.9527411981981982 0.9657417597597597
0.8183709179179178 0.9539973663663663 0.9666210710710711
0.820631994994995 0.9552535345345345 0.9675003823823825
0.822893072072072 0.9565097027027027 0.9683796936936937
0.8273210300300301 0.9569532732732733 0.9670921471471471
0.8325968978978978 0.9570788708708708 0.9649566996996998
0.8378727657657656 0.9572044684684685 0.9628212522522523
0.8431486336336337 0.9573300660660661 0.9606858048048048
0.8484245015015014 0.9574556636636636 0.9585503573573574
0.8537003693693694 0.9575812612612613 0.9564149099099098
0.8589762372372372 0.9577068588588589 0.9542794624624625
0.864252105105105 0.9578324564564564 0.9521440150150151
0.869527972972973 0.9579580540540541 0.9500085675675676
0.8748038408408407 0.9580836516516517 0.9478731201201201
0.8800797087087088 0.9582092492492492 0.9457376726726726
0.8853555765765765 0.9583348468468469 0.9436022252252253
0.8906314444444443 0.9584604444444444 0.9414667777777779
0.8959073123123124 0.958586042042042 0.9393313303303303
0.9011831801801801 0.9587116396396397 0.9371958828828829
0.9064590480480481 0.9588372372372372 0.9350604354354354
0.9117349159159158 0.9589628348348348 0.9329249879879881
0.9170107837837836 0.9590884324324325 0.9307895405405406
0.9222866516516517 0.95921403003003 0.9286540930930931
0.9275625195195194 0.9593396276276276 0.9265186456456457
0.9328383873873874 0.9594652252252253 0.9243831981981981
0.9381142552552552 0.9595908228228228 0.9222477507507508
0.943390123123123 0.9597164204204204 0.9201123033033034
0.9486659909909909 0.959842018018018 0.9179768558558559
0.9539418588588587 0.9599676156156156 0.9158414084084084
0.9592177267267268 0.9600932132132132 0.9137059609609609
0.9644935945945945 0.9602188108108108 0.9115705135135136
0.9697694624624625 0.9603444084084084 0.9094350660660661
0.9750453303303304 0.960470006006006 0.9072996186186186
0.9803211981981981 0.9605956036036035 0.9051641711711712
0.9855970660660661 0.9607212012012012 0.9030287237237237
0.988235 0.9603914574574574 0.9006851991991991
0.988235 0.9596063723723723 0.8981335975975976
0.988235 0.9588212872872872 0.895581995995996
0.988235 0.9580362022022022 0.8930303943943945
0.988235 0.9572511171171171 0.890478792792793
0.988235 0.956466032032032 0.8879271911911911
0.988235 0.9556809469469469 0.8853755895895895
0.988235 0.9548958618618618 0.882823987987988
0.988235 0.9541107767767768 0.8802723863863865
0.988235 0.9533256916916917 0.8777207847847849
0.988235 0.9525406066066066 0.875169183183183
0.988235 0.9517555215215215 0.8726175815815815
0.988235 0.9509704364364364 0.87006597997998
0.988235 0.9501853513513514 0.8675143783783784
0.988235 0.9494002662662663 0.8649627767767769
0.988235 0.9486151811811812 0.8624111751751751
0.988235 0.947830096096096 0.8598595735735736
0.988235 0.947045011011011 0.857307971971972
0.988235 0.946259925925926 0.8547563703703704
0.988235 0.9454748408408409 0.8522047687687689
0.9880308778778778 0.9438732412412412 0.8492449489489489
0.9876383353353353 0.9415179359359359 0.8459083123123123
0.9872457927927928 0.9391626306306307 0.8425716756756757
0.9868532502502503 0.9368073253253254 0.8392350390390392
0.9864607077077078 0.9344520200200201 0.8358984024024027
0.9860681651651652 0.9320967147147147 0.8325617657657657
0.9856756226226226 0.9297414094094094 0.8292251291291292
0.9852830800800801 0.9273861041041042 0.8258884924924925
0.9848905375375375 0.9250307987987989 0.822551855855856
0.984497994994995 0.9226754934934936 0.8192152192192195
0.9841054524524525 0.9203201881881882 0.8158785825825825
0.9837129099099099 0.9179648828828829 0.812541945945946
0.9833203673673674 0.9156095775775777 0.8092053093093095
0.9829278248248249 0.9132542722722724 0.8058686726726728
0.9825352822822824 0.9108989669669671 0.8025320360360363
0.9821427397397398 0.9085436616616617 0.7991953993993993
0.9817501971971972 0.9061883563563564 0.7958587627627628
0.9813576546546547 0.9038330510510512 0.7925221261261263
0.9809651121121121 0.9014777457457459 0.7891854894894896
0.9805725695695696 0.8991224404404407 0.7858488528528531
0.9801093573573574 0.8965316126126126 0.7822413273273273
0.9795859450561674 0.8937401544878213 0.7784030446001557
0.9790625327549772 0.8909486963630299 0.7745647618729843
0.9785391204537872 0.8881572382382384 0.7707264791458127
0.9780157081525971 0.885365780113447 0.7668881964186411
0.977492295851407 0.8825743219886554 0.7630499136914692
0.9769688835502169 0.879782863863864 0.7592116309642977
0.9764454712490268 0.8769914057390725 0.7553733482371261
0.9759220589478368 0.8741999476142811 0.7515350655099546
0.9753986466466467 0.8714084894894895 0.7476967827827826
0.9748752343454566 0.868617031364698 0.743858500055611
0.9743518220442665 0.8658255732399066 0.7400202173284396
0.9738284097430765 0.8630341151151152 0.736181934601268
0.9733049974418864 0.8602426569903238 0.7323436518740964
0.9727815851406962 0.8574511988655321 0.7285053691469245
0.9722581728395062 0.8546597407407407 0.724667086419753
0.9717347605383161 0.8518682826159493 0.7208288036925814
0.9712113482371261 0.8490768244911578 0.7169905209654099
0.9706879359359359 0.8462853663663665 0.7131522382382384
0.9701645236347458 0.8434939082415748 0.7093139555110665
0.9696411113335558 0.8407024501167834 0.7054756727838949
0.9691176990323657 0.8379109919919919 0.7016373900567233
0.9685877467467467 0.8350898738738739 0.6978191721721723
0.9679596946946948 0.8318238558558559 0.694301926926927
0.9673316426426426 0.8285578378378377 0.6907846816816815
0.9667035905905906 0.8252918198198197 0.6872674364364363
0.9660755385385386 0.8220258018018018 0.6837501911911912
0.9654474864864865 0.8187597837837839 0.680232945945946
0.9648194344344345 0.8154937657657659 0.6767157007007009
0.9641913823823823 0.8122277477477476 0.6731984554554553
0.9635633303303304 0.8089617297297297 0.6696812102102101
0.9629352782782783 0.8056957117117117 0.6661639649649649
0.9623072262262262 0.8024296936936938 0.6626467197197198
0.9616791741741743 0.7991636756756758 0.6591294744744746
0.9610511221221221 0.7958976576576575 0.655612229229229
0.9604230700700701 0.7926316396396396 0.6520949839839839
0.959795018018018 0.7893656216216216 0.6485777387387387
0.959166965965966 0.7860996036036036 0.6450604934934936
0.958538913913914 0.7828335855855857 0.6415432482482484
0.9579108618618618 0.7795675675675674 0.6380260030030028
0.9572828098098098 0.7763015495495496 0.6345087577577576
0.9566547577577578 0.7730355315315316 0.6309915125125125
0.9560267057057057 0.7697695135135136 0.6274742672672673
0.9553986536536537 0.7665034954954957 0.6239570220220222
0.9547706016016015 0.7632374774774774 0.6204397767767766
0.9541425495495496 0.7599714594594594 0.6169225315315314
0.9535144974974975 0.7567054414414415 0.6134052862862862
0.9528864454454454 0.7534394234234235 0.6098880410410411
0.9522583933933935 0.7501734054054056 0.6063707957957959
0.9516303413413413 0.7469073873873873 0.6028535505505503
0.9510022892892893 0.7436413693693693 0.5993363053053052
0.9503742372372372 0.7403753513513514 0.59581906006006
0.9497461851851852 0.7371093333333334 0.5923018148148149
0.9491181331331331 0.7338433153153155 0.5887845695695697
0.948490054054054 0.7311072432432432 0.5861152432432432
0.94786196996997 0.7284693093093093 0.5836029389389389
0.9472338858858859 0.7258313753753755 0.5810906346346346
0.9466058018018018 0.7231934414414416 0.5785783303303303
0.9459777177177178 0.7205555075075076 0.5760660260260262
0.9453496336336336 0.7179175735735736 0.5735537217217216
0.9447215495495496 0.7152796396396396 0.5710414174174173
0.9440934654654655 0.7126417057057057 0.5685291131131132
0.9434653813813814 0.7100037717717719 0.5660168088088089
0.9428372972972974 0.707365837837838 0.5635045045045046
0.9422092132132132 0.7047279039039038 0.5609922002002001
0.9415811291291292 0.70208996996997 0.5584798958958959
0.9409530450450451 0.6994520360360361 0.5559675915915916
0.940324960960961 0.6968141021021023 0.5534552872872873
0.9396968768768769 0.6941761681681681 0.5509429829829828
0.9390687927927928 0.6915382342342342 0.5484306786786786
0.9384407087087087 0.6889003003003003 0.5459183743743744
0.9378126246246247 0.6862623663663664 0.5434060700700701
0.9371845405405406 0.6836244324324325 0.5408937657657659
0.9365564564564565 0.6809864984984983 0.5383814614614614
0.9359283723723724 0.6783485645645645 0.5358691571571571
0.9353002882882883 0.6757106306306306 0.5333568528528528
0.9346722042042043 0.6730726966966968 0.5308445485485486
0.9340441201201202 0.6704347627627629 0.5283322442442444
0.9334160360360361 0.6677968288288287 0.5258199399399398
0.932787951951952 0.6651588948948949 0.5233076356356356
0.9321598678678679 0.6625209609609609 0.5207953313313314
0.9315317837837838 0.6598830270270271 0.5182830270270271
0.9309036996996998 0.6572450930930932 0.5157707227227228
0.9302756156156156 0.654607159159159 0.5132584184184183
0.9296475315315316 0.6519692252252252 0.5107461141141141
0.9290194474474475 0.6492527927927928 0.5083123083083083
0.9283913633633634 0.6464892612612614 0.5059256016016017
0.9277632792792793 0.6437257297297299 0.503538894894895
0.9271351951951952 0.6409621981981981 0.5011521881881881
0.9265071111111111 0.6381986666666666 0.4987654814814815
0.9258790270270271 0.6354351351351352 0.4963787747747748
0.925250942942943 0.6326716036036036 0.49399206806806817
0.9246228588588589 0.6299080720720722 0.4916053613613615
0.9239947747747748 0.6271445405405405 0.4892186546546546
0.9233666906906907 0.624381009009009 0.48683194794794793
0.9227386066066066 0.6216174774774775 0.4844452412412413
0.9221105225225226 0.618853945945946 0.4820585345345346
0.9214824384384385 0.6160904144144146 0.47967182782782797
0.9208543543543544 0.6133268828828828 0.47728512112112104
0.9202262702702703 0.6105633513513513 0.4748984144144144
0.9195981861861862 0.6077998198198199 0.47251170770770773
0.9189701021021021 0.6050362882882884 0.4701250010010011
0.9183420180180181 0.602272756756757 0.4677382942942944
0.9177139339339339 0.5995092252252251 0.46535158758758755
0.9170858498498499 0.5967456936936937 0.46296488088088084
0.9164577657657658 0.5939821621621622 0.46057817417417424
0.9158296816816817 0.5912186306306307 0.4581914674674676
0.9152015975975976 0.5884550990990993 0.45580476076076093
0.9145735135135135 0.5856915675675675 0.453418054054054
0.9139454294294294 0.582928036036036 0.45103134734734734
0.9133173453453454 0.5801645045045045 0.4486446406406407
0.9126892612612613 0.5774009729729731 0.44625793393393404
0.9120611771771772 0.5746374414414417 0.4438712272272274
0.9114330930930931 0.5718739099099098 0.44148452052052045
0.910805009009009 0.5691103783783784 0.4390978138138138
0.9101769249249249 0.5663468468468469 0.43671110710710714
0.9093957427427427 0.5633281561561563 0.43422233933933946
0.9083908018018018 0.5599365405405408 0.43158440540540555
0.9073858608608608 0.5565449249249248 0.4289464714714714
0.9063809199199199 0.5531533093093093 0.4263085375375375
0.9053759789789789 0.5497616936936938 0.42367060360360365
0.904371038038038 0.5463700780780782 0.4210326696696698
0.9033660970970971 0.5429784624624627 0.4183947357357359
0.9023611561561561 0.5395868468468468 0.41575680180180175
0.9013562152152151 0.5361952312312313 0.41311886786786783
0.9003512742742742 0.5328036156156157 0.410480933933934
0.8993463333333334 0.5294120000000001 0.4078430000000001
0.8983413923923924 0.5260203843843846 0.4052050660660662
0.8973364514514514 0.5226287687687687 0.4025671321321321
0.8963315105105104 0.5192371531531531 0.39992919819819817
0.8953265695695696 0.5158455375375376 0.3972912642642643
0.8943216286286286 0.5124539219219221 0.39465333033033045
0.8933166876876877 0.5090623063063066 0.3920153963963966
0.8923117467467466 0.5056706906906906 0.3893774624624624
0.8913068058058058 0.5022790750750751 0.38673952852852855
0.8903018648648648 0.49888745945945956 0.38410159459459464
0.8892969239239239 0.495495843843844 0.3814636606606608
0.8882919829829828 0.4921042282282281 0.3788257267267266
0.887287042042042 0.48871261261261256 0.37618779279279274
0.8862821011011011 0.485320996996997 0.37354985885885883
0.8852771601601601 0.48192938138138147 0.370911924924925
0.8842722192192192 0.4785377657657659 0.3682739909909911
0.8832672782782782 0.47514615015015 0.36563605705705693
0.8822623373373373 0.4717545345345345 0.3629981231231231
0.8812573963963963 0.4683629189189189 0.3603601891891892
0.8802524554554554 0.4649713033033034 0.3577222552552553
0.8792475145145145 0.46157968768768787 0.35508432132132145
0.8781954744744744 0.45840004204204193 0.3525406036036035
0.8769393383383383 0.4561389329329329 0.35040515615615614
0.8756832022022022 0.45387782382382386 0.3482697087087087
0.874427066066066 0.45161671471471476 0.3461342612612613
0.87317092992993 0.4493556056056057 0.3439988138138139
0.8719147937937937 0.4470944964964964 0.3418633663663663
0.8706586576576576 0.44483338738738737 0.3397279189189189
0.8694025215215215 0.4425722782782783 0.3375924714714715
0.8681463853853854 0.44031116916916924 0.3354570240240241
0.8668902492492493 0.4380500600600602 0.3333215765765767
0.865634113113113 0.4357889509509509 0.33118612912912904
0.8643779769769769 0.4335278418418418 0.32905068168168167
0.8631218408408408 0.43126673273273275 0.32691523423423424
0.8618657047047047 0.4290056236236237 0.3247797867867869
0.8606095685685686 0.4267445145145146 0.32264433933933945
0.8593534324324323 0.4244834054054053 0.3205088918918918
0.8580972962962963 0.42222229629629626 0.31837344444444443
0.8568411601601601 0.4199611871871872 0.316237996996997
0.855585024024024 0.41770007807807813 0.31410254954954964
0.854328887887888 0.4154389689689691 0.3119671021021022
0.8530727517517517 0.4131778598598598 0.30983165465465456
0.8518166156156155 0.41091675075075074 0.3076962072072072
0.8505604794794794 0.40865564164164164 0.30556075975975977
0.8493043433433434 0.4063945325325326 0.3034253123123124
0.8480482072072072 0.40413342342342357 0.301289864864865
0.846792071071071 0.40187231431431425 0.29915441741741733
0.8455359349349348 0.39961120520520516 0.29701896996996996
0.8442797987987988 0.3973500960960961 0.29488352252252253
0.8430236626626627 0.3950889869869871 0.29274807507507516
0.8417675265265265 0.392827877877878 0.29061262762762774
0.8405113903903904 0.3905667687687687 0.2884771801801801
0.8392552542542542 0.38830565965965963 0.2863417327327327
0.8367821741741742 0.3853144524524525 0.2839628778778779
0.8342698378378379 0.38229969369369377 0.28157617117117123
0.8317575015015016 0.3792849349349351 0.2791894644644646
0.8292451651651651 0.3762701761761761 0.2768027577577577
0.8267328288288288 0.3732554174174174 0.27441605105105105
0.8242204924924925 0.3702406586586587 0.2720293443443444
0.8217081561561562 0.3672258998999 0.26964263763763774
0.8191958198198199 0.36421114114114134 0.2672559309309311
0.8166834834834834 0.3611963823823823 0.26486922422422415
0.8141711471471471 0.3581816236236236 0.2624825175175175
0.8116588108108108 0.35516686486486493 0.26009581081081085
0.8091464744744745 0.3521521061061062 0.2577091041041042
0.8066341381381382 0.3491373473473475 0.25532239739739754
0.8041218018018017 0.3461225885885885 0.2529356906906906
0.8016094654654654 0.3431078298298298 0.25054898398398395
0.7990971291291291 0.3400930710710711 0.24816227727727733
0.7965847927927929 0.33707831231231244 0.24577557057057067
0.7940724564564563 0.3340635535535534 0.24338886386386377
0.79156012012012 0.3310487947947947 0.24100215715715712
0.7890477837837838 0.32803403603603604 0.23861545045045046
0.7865354474474475 0.3250192772772773 0.2362287437437438
0.7840231111111112 0.32200451851851863 0.23384203703703715
0.7815107747747747 0.31898975975975963 0.23145533033033022
0.7789984384384384 0.3159750010010009 0.22906862362362357
0.7764861021021021 0.3129602422422422 0.22668191691691691
0.7739737657657658 0.30994548348348355 0.22429521021021026
0.7714614294294295 0.3069307247247248 0.2219085035035036
0.768949093093093 0.3039159659659658 0.21952179679679668
0.7664367567567567 0.30090120720720714 0.21713509009009005
0.7639244204204204 0.29788644844844847 0.2147483833833834
0.7614120840840841 0.29487168968968974 0.21236167667667674
0.7593708348348349 0.2921395495495497 0.21072865165165172
0.7574866146146145 0.2895016156156155 0.2093468538538538
0.7556023943943944 0.28686368168168164 0.20796505605605603
0.7537181741741742 0.2842257477477477 0.20658325825825827
0.751833953953954 0.28158781381381387 0.2052014604604605
0.7499497337337339 0.27894987987988 0.20381966266266274
0.7480655135135135 0.2763119459459458 0.2024378648648648
0.7461812932932933 0.27367401201201197 0.20105606706706705
0.744297073073073 0.27103607807807806 0.1996742692692693
0.7424128528528529 0.2683981441441442 0.1982924714714715
0.7405286326326327 0.26576021021021035 0.19691067367367374
0.7386444124124123 0.26312227627627616 0.19552887587587583
0.7367601921921921 0.2604843423423423 0.19414707807807807
0.734875971971972 0.25784640840840845 0.19276528028028028
0.7329917517517518 0.25520847447447453 0.19138348248248252
0.7311075315315316 0.2525705405405407 0.19000168468468476
0.7292233113113112 0.2499326066066065 0.18861988688688683
0.7273390910910911 0.24729467267267263 0.18723808908908907
0.7254548708708709 0.24465673873873875 0.1858562912912913
0.7235706506506506 0.2420188048048049 0.18447449349349354
0.7216864304304305 0.239380870870871 0.18309269569569578
0.7198022102102101 0.23674293693693685 0.18171089789789785
0.7179179899899899 0.23410500300300296 0.1803291001001001
0.7160337697697697 0.2314670690690691 0.17894730230230232
0.7141495495495496 0.22882913513513523 0.17756550450450453
0.7122653293293294 0.22619120120120134 0.17618370670670677
0.710381109109109 0.22355326726726718 0.17480190890890887
0.7084968888888888 0.2209153333333333 0.1734201111111111
0.7066126686686687 0.21827739939939944 0.17203831331331332
0.7047284484484485 0.21563946546546556 0.17065651551551556
0.7028442282282282 0.21300153153153167 0.1692747177177178
0.7010934554554553 0.21083073173173167 0.16795967767767764
0.6994604304304304 0.2090721091091091 0.16670354154154152
0.6978274054054053 0.2073134864864865 0.16544740540540542
0.6961943803803804 0.20555486386386393 0.1641912692692693
0.6945613553553553 0.20379624124124135 0.1629351331331332
0.6929283303303302 0.20203761861861858 0.16167899699699695
0.6912953053053053 0.200278995995996 0.16042286086086086
0.6896622802802803 0.19852037337337342 0.15916672472472473
0.6880292552552553 0.1967617507507508 0.15791058858858864
0.6863962302302303 0.19500312812812823 0.15665445245245252
0.6847632052052052 0.19324450550550545 0.1553983163163163
0.6831301801801801 0.19148588288288287 0.15414218018018017
0.6814971551551552 0.1897272602602603 0.15288604404404407
0.6798641301301301 0.18796863763763771 0.15162990790790795
0.6782311051051052 0.18621001501501513 0.15037377177177186
0.67659808008008 0.18445139239239236 0.1491176356356356
0.674965055055055 0.18269276976976978 0.1478614994994995
0.6733320300300301 0.18093414714714717 0.14660536336336338
0.671699005005005 0.1791755245245246 0.14534922722722726
0.6700659799799801 0.177416901901902 0.14409309109109117
0.6684329549549549 0.17565827927927924 0.1428369549549549
0.6667999299299299 0.17389965665665666 0.14158081881881882
0.6651669049049049 0.17214103403403408 0.1403246826826827
0.66353387987988 0.17038241141141147 0.1390685465465466
0.6619008548548547 0.1686237887887887 0.13781241041041034
0.6602678298298298 0.16686516616616612 0.13655627427427425
0.6586348048048047 0.16510654354354354 0.13530013813813813
0.6570017797797798 0.16334792092092096 0.13404400200200203
0.6553687547547549 0.16158929829829838 0.1327878658658659
0.6537357297297297 0.1598306756756756 0.13153172972972968
0.6521027047047047 0.15807205305305302 0.13027559359359356
0.6504696896896897 0.15623492192192193 0.12905870670670672
0.6488366966966967 0.15422507207207212 0.12792816816816818
0.6472037037037037 0.1522152222222223 0.12679762962962968
0.6455707107107106 0.15020537237237228 0.12566709109109103
0.6439377177177177 0.1481955225225225 0.12453655255255253
0.6423047247247248 0.14618567267267268 0.12340601401401402
0.6406717317317318 0.14417582282282287 0.1222754754754755
0.6390387387387388 0.14216597297297306 0.12114493693693698
0.6374057457457457 0.14015612312312303 0.12001439839839835
0.6357727527527527 0.13814627327327322 0.11888385985985983
0.6341397597597598 0.13613642342342344 0.11775332132132132
0.6325067667667668 0.13412657357357363 0.1166227827827828
0.6308737737737738 0.13211672372372382 0.1154922442442443
0.6292407807807807 0.1301068738738738 0.11436170570570565
0.6276077877877877 0.12809702402402398 0.11323116716716715
0.6259747947947948 0.12608717417417417 0.11210062862862863
0.6243418018018019 0.12407732432432438 0.11097009009009012
0.6227088088088089 0.12206747447447458 0.1098395515515516
0.6210758158158157 0.12005762462462455 0.10870901301301297
0.6194428228228228 0.11804777477477474 0.10757847447447445
0.6178098298298298 0.11603792492492493 0.10644793593593593
0.6161768368368369 0.11402807507507513 0.10531739739739743
0.614543843843844 0.11201822522522532 0.10418685885885891
0.6129108508508507 0.1100083753753753 0.10305632032032028
0.6112778578578578 0.1079985255255255 0.10192578178178176
0.6096448648648649 0.10598867567567569 0.10079524324324325
0.6080118718718719 0.10397882582582588 0.09966470470470473
0.606378878878879 0.10196897597597608 0.09853416616616623
0.6047458858858858 0.09995912612612605 0.09740362762762758
0.6031128928928928 0.09794927627627625 0.09627308908908908
0.6014798998998999 0.09593942642642644 0.09514255055055056
0.5998469069069069 0.09403556456456459 0.09412977477477476
0.598213913913914 0.0931562532532533 0.09425537237237236
0.5965809209209209 0.0922769419419419 0.09438096996996997
0.5949479279279278 0.09139763063063061 0.09450656756756756
0.5933149349349349 0.09051831931931932 0.09463216516516516
0.591681941941942 0.08963900800800803 0.09475776276276275
0.590048948948949 0.08875969669669674 0.09488336036036035
0.5884159559559559 0.08788038538538535 0.09500895795795795
0.586782962962963 0.08700107407407406 0.09513455555555556
0.5851499699699699 0.08612176276276277 0.09526015315315314
0.583516976976977 0.08524245145145148 0.09538575075075074
0.581883983983984 0.0843631401401402 0.09551134834834833
0.5802509909909909 0.0834838288288288 0.09563694594594595
0.578617997997998 0.08260451751751752 0.09576254354354354
0.576985005005005 0.08172520620620621 0.09588814114114114
0.575352012012012 0.08084589489489492 0.09601373873873872
0.5737190190190191 0.07996658358358363 0.09613933633633633
0.572086026026026 0.07908727227227225 0.09626493393393394
0.570453033033033 0.07820796096096096 0.09639053153153153
0.56882004004004 0.07732864964964967 0.09651612912912913
0.567187047047047 0.07644933833833838 0.09664172672672672
0.5655540540540539 0.07557002702702699 0.09676732432432433
0.563921061061061 0.0746907157157157 0.09689292192192192
0.562288068068068 0.0738114044044044 0.09701851951951952
0.5606550750750751 0.07293209309309312 0.09714411711711711
0.5590220820820822 0.07205278178178182 0.09726971471471471
0.557389089089089 0.07117347047047043 0.09739531231231231
0.555756096096096 0.07029415915915914 0.09752090990990991
0.5541231031031031 0.06941484784784785 0.0976465075075075
0.5524901101101101 0.06853553653653656 0.0977721051051051
0.5508571171171172 0.06765622522522527 0.0978977027027027
0.549224124124124 0.06677691391391388 0.0980233003003003
0.547701029029029 0.06622732432432432 0.09880839739739741
0.5461936336336336 0.06572483783783784 0.0996877087087087
0.5446862382382383 0.06522235135135136 0.10056702002001999
0.5431788428428429 0.06471986486486489 0.1014463313313313
0.5416714474474473 0.06421737837837836 0.10232564264264268
0.540164052052052 0.06371489189189189 0.10320495395395397
0.5386566566566566 0.0632124054054054 0.10408426526526526
0.5371492612612613 0.06270991891891893 0.10496357657657655
0.5356418658658659 0.06220743243243246 0.10584288788788784
0.5341344704704704 0.06170494594594593 0.10672219919919923
0.532627075075075 0.06120245945945945 0.10760151051051052
0.5311196796796797 0.06069997297297298 0.10848082182182181
0.5296122842842843 0.0601974864864865 0.10936013313313311
0.528104888888889 0.059695000000000026 0.11023944444444439
0.5265974934934934 0.0591925135135135 0.11111875575575579
0.525090098098098 0.05869002702702702 0.11199806706706708
0.5235827027027027 0.058187540540540546 0.11287737837837837
0.5220753073073073 0.057685054054054066 0.11375668968968966
0.520567911911912 0.057182567567567594 0.11463600100100095
0.5190605165165164 0.056680081081081066 0.11551531231231234
0.5175531211211211 0.056177594594594586 0.11639462362362363
0.5160457257257257 0.055675108108108114 0.11727393493493492
0.5145383303303304 0.055172621621621634 0.11815324624624621
0.513030934934935 0.05467013513513516 0.11903255755755751
0.5115235395395394 0.054167648648648634 0.1199118688688689
0.5100161441441441 0.053665162162162154 0.12079118018018019
0.5085087487487487 0.053162675675675675 0.12167049149149148
0.5070013533533534 0.0526601891891892 0.12254980280280277
0.505493957957958 0.05215770270270273 0.12342911411411406
0.5039865625625625 0.051655216216216195 0.12430842542542545
0.5024791671671671 0.05115272972972972 0.12518773673673675
0.5008893273273274 0.05106244444444444 0.1264792282282282
0.49925630230230233 0.051188074074074066 0.12798662362362356
0.49762327727727734 0.051313703703703695 0.1294940190190189
0.4959902522522522 0.05143933333333334 0.13100141441441446
0.4943572272272272 0.051564962962962965 0.1325088098098098
0.4927242022022022 0.05169059259259259 0.13401620520520519
0.4910911771771772 0.051816222222222215 0.13552360060060054
0.4894581521521522 0.05194185185185184 0.1370309959959959
0.48782512712712706 0.052067481481481485 0.13853839139139143
0.48619210210210206 0.05219311111111111 0.1400457867867868
0.48455907707707707 0.052318740740740735 0.14155318218218216
0.4829260520520521 0.05244437037037036 0.1430605775775775
0.48129302702702714 0.05256999999999999 0.14456797297297289
0.47966000200200193 0.052695629629629634 0.1460753683683684
0.47802697697697694 0.052821259259259255 0.14758276376376378
0.476393951951952 0.052946888888888884 0.14909015915915913
0.474760926926927 0.05307251851851851 0.15059755455455448
0.473127901901902 0.05319814814814814 0.15210494994994986
0.4714948768768768 0.05332377777777778 0.15361234534534537
0.4698618518518518 0.053449407407407404 0.15511974074074075
0.46822882682682687 0.05357503703703703 0.1566271361361361
0.4665958018018019 0.05370066666666666 0.15813453153153148
0.4649627767767769 0.05382629629629629 0.15964192692692683
0.46332975175175173 0.05395192592592593 0.16114932232232237
0.46169672672672674 0.05407755555555555 0.16265671771771772
0.46006370170170174 0.05420318518518518 0.16416411311311307
0.45843067667667675 0.05432881481481481 0.16567150850850845
0.4567976516516516 0.05445444444444445 0.16717890390390397
0.4551646266266266 0.05458007407407408 0.16868629929929935
0.4535316016016016 0.0547057037037037 0.1701936946946947
0.4518985765765766 0.05483133333333333 0.17170109009009007
0.45026556556556563 0.054902 0.17282378678678675
0.4486325725725725 0.054902 0.1734518708708709
0.44699957957957953 0.054902 0.17407995495495499
0.44536658658658657 0.054902 0.17470803903903903
0.44373359359359366 0.054902 0.1753361231231231
0.4421006006006007 0.054902 0.17596420720720718
0.44046760760760756 0.054902 0.17659229129129134
0.4388346146146146 0.054902 0.17722037537537538
0.43720162162162163 0.054902 0.17784845945945946
0.43556862862862866 0.054902 0.17847654354354353
0.4339356356356357 0.054902 0.1791046276276276
0.43230264264264257 0.054902 0.17973271171171173
0.4306696496496496 0.054902 0.1803607957957958
0.4290366566566567 0.054902 0.18098887987987988
0.4274036636636637 0.054902 0.18161696396396396
0.42577067067067076 0.054902 0.18224504804804803
0.4241376776776776 0.054902 0.18287313213213216
0.42250468468468466 0.054902 0.18350121621621623
0.4208716916916917 0.054902 0.1841293003003003
0.4192386986986988 0.054902 0.18475738438438435
0.4176057057057058 0.054902 0.18538546846846843
0.4159727127127127 0.054902 0.18601355255255259
0.4143397197197197 0.054902 0.18664163663663663
0.41270672672672676 0.054902 0.1872697207207207
0.4110737337337338 0.054902 0.18789780480480478
0.4094407407407408 0.054902 0.18852588888888885
0.4078077477477477 0.054902 0.18915397297297298
0.40617475475475473 0.054902 0.18978205705705706
0.4045417617617618 0.054902 0.19041014114114113
0.40290876876876885 0.054902 0.1910382252252252
0.4012757757757759 0.054902 0.19166630930930928
0.39964278278278276 0.055011911911911925 0.1922943933933934
0.3980097897897898 0.05551436636636637 0.19292247747747748
0.3963767967967968 0.056016820820820816 0.19355056156156156
0.39474380380380386 0.056519275275275255 0.19417864564564563
0.3931108108108109 0.0570217297297297 0.19480672972972968
0.39147781781781776 0.0575241841841842 0.19543481381381383
0.38984482482482485 0.05802663863863864 0.1960628978978979
0.3882118318318319 0.058529093093093086 0.19669098198198198
0.3865788388388389 0.059031547547547525 0.19731906606606603
0.38494584584584596 0.05953400200200197 0.1979471501501501
0.3833128528528528 0.06003645645645647 0.19857523423423426
0.38167985985985986 0.06053891091091091 0.19920331831831833
0.3800468668668669 0.061041365365365356 0.19983140240240238
0.37841387387387393 0.0615438198198198 0.20045948648648645
0.376780880880881 0.06204627427427424 0.20108757057057053
0.37514788788788783 0.06254872872872874 0.20171565465465469
0.37351489489489487 0.06305118318318319 0.20234373873873873
0.37188190190190196 0.06355363763763763 0.2029718228228228
0.370248908908909 0.06405609209209207 0.20359990690690688
0.368615915915916 0.06455854654654651 0.20422799099099095
0.3669829229229229 0.06506100100100101 0.20485607507507508
0.36534992992992993 0.06556345545545546 0.20548415915915916
0.36371693693693696 0.0660659099099099 0.20611224324324323
0.362083943943944 0.06656836436436434 0.2067403273273273
0.36045095095095087 0.06707081881881884 0.20736841141141144
0.3588179579579579 0.06757327327327328 0.2079964954954955
0.357184964964965 0.06807572772772773 0.20862457957957958
0.355551971971972 0.06857818218218217 0.20925266366366366
0.35391897897897906 0.0690806366366366 0.20988074774774773
0.3522859859859859 0.0695830910910911 0.21050883183183186
0.35065299299299296 0.07008554554554555 0.21113691591591593
0.34902 0.070588 0.211765
