0.229806 0.298718 0.753683
0.23099219419419417 0.30044479879879876 0.7551448778778779
0.23217838838838842 0.3021715975975976 0.7566067557557558
0.23336458258258258 0.3038983963963964 0.7580686336336336
0.2345507767767768 0.3056251951951952 0.7595305115115115
0.235736970970971 0.307351993993994 0.7609923893893894
0.23692316516516515 0.3090787927927927 0.7624542672672672
0.23810935935935937 0.3108055915915916 0.7639161451451452
0.23929555355355356 0.3125323903903903 0.765378023023023
0.24048174774774778 0.3142591891891892 0.7668399009009009
0.24166794194194194 0.31598598798798794 0.7683017787787788
0.2428541361361361 0.3177127867867867 0.7697636566566566
0.24404033033033035 0.3194395855855856 0.7712255345345346
0.2452265245245245 0.32116638438438433 0.7726874124124123
0.24641271871871875 0.3228931831831832 0.7741492902902903
0.24759891291291292 0.32461998198198194 0.7756111681681681
0.24878510710710708 0.3263467807807807 0.777073046046046
0.24997130130130132 0.32807357957957956 0.778534923923924
0.2511574954954955 0.32980037837837833 0.7799968018018018
0.25234368968968973 0.33152717717717717 0.7814586796796797
0.25352988388388387 0.33325397597597595 0.7829205575575575
0.25471607807807806 0.3349807747747747 0.7843824354354354
0.2559022722722723 0.33670757357357356 0.7858443133133133
0.25708846646646644 0.33843437237237234 0.7873061911911912
0.2582746606606607 0.3401611711711712 0.788768069069069
0.25946085485485487 0.34188796996996995 0.7902299469469469
0.26064704904904906 0.3436147687687688 0.7916918248248248
0.26183324324324325 0.34534156756756756 0.7931537027027027
0.26301943743743744 0.3470683663663663 0.7946155805805806
0.26420563163163163 0.3487951651651652 0.7960774584584585
0.2653918258258258 0.35052196396396396 0.7975393363363363
0.26657802002002007 0.3522487627627628 0.7990012142142142
0.2677642142142142 0.3539755615615615 0.8004630920920921
0.2689504084084084 0.3557023603603603 0.80192496996997
0.27013660260260264 0.3574291591591592 0.8033868478478479
0.2713227967967968 0.3591559579579579 0.8048487257257257
0.272508990990991 0.3608827567567568 0.8063106036036036
0.2736951851851852 0.3626095555555555 0.8077724814814815
0.2748813793793794 0.3643363543543544 0.8092343593593594
0.2760675735735736 0.36606315315315313 0.8106962372372373
0.2772537677677678 0.3677899519519519 0.8121581151151152
0.27843996196196197 0.36951675075075074 0.813619992992993
0.27962615615615616 0.3712435495495495 0.8150818708708709
0.2808123503503504 0.3729703483483484 0.8165437487487488
0.28199854454454454 0.37469714714714714 0.8180056266266267
0.28318473873873873 0.3764239459459459 0.8194675045045045
0.284370932932933 0.37815074474474475 0.8209293823823824
0.2855571271271271 0.3798775435435435 0.8223912602602602
0.28674332132132135 0.38160434234234236 0.8238531381381382
0.28792951551551554 0.38333114114114114 0.8253150160160161
0.2891157097097097 0.38505793993993986 0.8267768938938939
0.2903019039039039 0.38678473873873875 0.8282387717717719
0.2914880980980981 0.38851153753753753 0.8297006496496496
0.2926742922922923 0.39023833633633637 0.8311625275275276
0.2938604864864865 0.3919651351351351 0.8326244054054054
0.29504668068068063 0.39369193393393387 0.8340862832832833
0.2962328748748749 0.39541873273273276 0.8355481611611612
0.29741906906906906 0.3971455315315315 0.837010039039039
0.2986052632632633 0.39887233033033037 0.838471916916917
0.29979145745745744 0.4005991291291291 0.8399337947947948
0.30097765165165163 0.4023259279279279 0.8413956726726727
0.3021638458458459 0.4040527267267267 0.8428575505505506
0.30335004004004 0.4057795255255255 0.8443194284284284
0.30458200900900906 0.4074618828828829 0.8456115135135136
0.3058495805805806 0.40910967467467463 0.8467715375375375
0.30711715215215213 0.4107574664664664 0.8479315615615616
0.3083847237237237 0.41240525825825824 0.8490915855855856
0.30965229529529525 0.41405305005005 0.8502516096096097
0.3109198668668669 0.41570084184184186 0.8514116336336337
0.31218743843843844 0.4173486336336336 0.8525716576576576
0.31345501001000997 0.41899642542542537 0.8537316816816817
0.3147225815815816 0.42064421721721723 0.8548917057057057
0.31599015315315315 0.422292009009009 0.8560517297297298
0.31725772472472474 0.4239398008008008 0.8572117537537538
0.3185252962962963 0.42558759259259255 0.8583717777777777
0.3197928678678678 0.4272353843843843 0.8595318018018018
0.32106043943943946 0.42888317617617616 0.8606918258258258
0.322328011011011 0.4305309679679679 0.8618518498498499
0.3235955825825826 0.4321787597597598 0.8630118738738739
0.3248631541541541 0.43382655155155153 0.864171897897898
0.3261307257257257 0.4354743433433433 0.8653319219219219
0.3273982972972973 0.4371221351351351 0.8664919459459459
0.32866586886886884 0.43876992692692685 0.86765196996997
0.3299334404404405 0.4404177187187187 0.868811993993994
0.331201012012012 0.44206551051051046 0.869972018018018
0.33246858358358355 0.4437133023023022 0.871132042042042
0.33373615515515515 0.4453610940940941 0.872292066066066
0.3350037267267267 0.44700888588588583 0.8734520900900901
0.3362712982982983 0.4486566776776777 0.8746121141141141
0.33753886986986986 0.45030446946946945 0.8757721381381381
0.3388064414414414 0.4519522612612612 0.8769321621621621
0.340074013013013 0.453600053053053 0.8780921861861862
0.34134158458458463 0.4552478448448449 0.8792522102102103
0.34260915615615617 0.4568956366366366 0.8804122342342342
0.3438767277277277 0.4585434284284284 0.8815722582582582
0.34514429929929924 0.46019122022022013 0.8827322822822823
0.3464118708708709 0.461839012012012 0.8838923063063063
0.3476794424424425 0.4634868038038038 0.8850523303303304
0.348947014014014 0.46513459559559556 0.8862123543543543
0.35021458558558555 0.4667823873873873 0.8873723783783783
0.35148215715715714 0.46843017917917906 0.8885324024024024
0.35274972872872873 0.4700779709709709 0.8896924264264264
0.3540173003003003 0.4717257627627628 0.8908524504504505
0.35528487187187185 0.47337355455455454 0.8920124744744745
0.3565524434434434 0.4750213463463463 0.8931724984984984
0.35782001501501504 0.47666913813813816 0.8943325225225225
0.35908758658658657 0.4783169299299299 0.8954925465465465
0.3603551581581582 0.4799647217217217 0.8966525705705706
0.36162272972972975 0.4816125135135135 0.8978125945945946
0.3628903013013013 0.4832603053053052 0.8989726186186185
0.3641578728728729 0.4849080970970971 0.9001326426426427
0.3654254444444444 0.48655588888888884 0.9012926666666666
0.36669301601601606 0.48820368068068065 0.9024526906906907
0.3679605875875876 0.48985147247247246 0.9036127147147147
0.36922815915915913 0.4914992642642642 0.9047727387387388
0.3704957307307307 0.493147056056056 0.9059327627627628
0.37176330230230226 0.4947948478478478 0.9070927867867867
0.3730308738738739 0.49644263963963964 0.9082528108108108
0.37429844544544544 0.4980904314314314 0.9094128348348348
0.375566017017017 0.49973822322322314 0.9105728588588589
0.3768335885885886 0.501386015015015 0.9117328828828829
0.37810116016016015 0.5030338068068068 0.9128929069069068
0.37936873173173175 0.5046815985985986 0.914052930930931
0.3806363033033033 0.5063293903903904 0.9152129549549549
0.38190387487487487 0.5079771821821821 0.916372978978979
0.38318047547547546 0.5096094784784785 0.9174896356356357
0.38452027927927923 0.5111333063063063 0.9183027207207207
0.3858600830830831 0.5126571341341342 0.9191158058058058
0.3871998868868869 0.514180961961962 0.9199288908908909
0.38853969069069066 0.5157047897897897 0.920741975975976
0.3898794944944945 0.5172286176176176 0.921555061061061
0.39121929829829827 0.5187524454454454 0.9223681461461462
0.3925591021021021 0.5202762732732733 0.9231812312312312
0.39389890590590587 0.5218001011011011 0.9239943163163163
0.39523870970970965 0.5233239289289289 0.9248074014014014
0.39657851351351353 0.5248477567567568 0.9256204864864864
0.3979183173173173 0.5263715845845846 0.9264335715715716
0.39925812112112113 0.5278954124124124 0.9272466566566566
0.4005979249249249 0.5294192402402402 0.9280597417417418
0.4019377287287287 0.530943068068068 0.9288728268268268
0.4032775325325325 0.5324668958958959 0.9296859119119119
0.4046173363363364 0.5339907237237237 0.930498996996997
0.40595714014014017 0.5355145515515516 0.931312082082082
0.40729694394394395 0.5370383793793794 0.9321251671671671
0.4086367477477477 0.5385622072072072 0.9329382522522522
0.40997655155155155 0.540086035035035 0.9337513373373373
0.4113163553553554 0.5416098628628628 0.9345644224224224
0.41265615915915915 0.5431336906906906 0.9353775075075075
0.4139959629629629 0.5446575185185185 0.9361905925925925
0.4153357667667667 0.5461813463463463 0.9370036776776777
0.4166755705705706 0.5477051741741741 0.9378167627627627
0.4180153743743744 0.549229002002002 0.9386298478478479
0.4193551781781782 0.5507528298298298 0.9394429329329329
0.42069498198198196 0.5522766576576577 0.940256018018018
0.42203478578578574 0.5538004854854854 0.9410691031031031
0.42337458958958957 0.5553243133133132 0.9418821881881881
0.42471439339339345 0.5568481411411411 0.9426952732732733
0.4260541971971972 0.5583719689689689 0.9435083583583583
0.427394001001001 0.5598957967967968 0.9443214434434434
0.4287338048048048 0.5614196246246246 0.9451345285285285
0.4300736086086086 0.5629434524524524 0.9459476136136136
0.43141341241241243 0.5644672802802803 0.9467606986986987
0.4327532162162162 0.565991108108108 0.9475737837837838
0.43409302002002 0.5675149359359358 0.9483868688688688
0.43543282382382376 0.5690387637637637 0.949199953953954
0.43677262762762764 0.5705625915915915 0.950013039039039
0.43811243143143147 0.5720864194194194 0.9508261241241242
0.43945223523523524 0.5736102472472472 0.9516392092092092
0.440792039039039 0.575134075075075 0.9524522942942942
0.4421318428428428 0.5766579029029029 0.9532653793793794
0.4434716466466466 0.5781817307307306 0.9540784644644644
0.4448114504504505 0.5797055585585585 0.9548915495495496
0.4461512542542543 0.5812293863863863 0.9557046346346346
0.447491058058058 0.5827532142142141 0.9565177197197197
0.44883086186186183 0.5842770420420419 0.9573308048048048
0.45017066566566566 0.5858008698698698 0.9581438898898899
0.4515104694694695 0.5873246976976977 0.958956974974975
0.45285027327327326 0.5888485255255255 0.95977006006006
0.45419007707707704 0.5903723533533533 0.9605831451451451
0.4555298808808808 0.591896181181181 0.9613962302302301
0.4568696846846847 0.5934200090090089 0.9622093153153153
0.4582094884884885 0.5949438368368368 0.9630224004004004
0.4595492922922923 0.5964676646646646 0.9638354854854855
0.4608890960960961 0.5979914924924924 0.9646485705705705
0.4622288998998999 0.5995153203203203 0.9654616556556557
0.4635687037037037 0.6010391481481481 0.9662747407407407
0.46490850750750756 0.602562975975976 0.9670878258258259
0.4662483113113113 0.6040868038038038 0.9679009109109109
0.4676170960960961 0.6054919549549549 0.9684547307307307
0.46899905405405407 0.6068431621621622 0.9688907027027027
0.470381012012012 0.6081943693693693 0.9693266746746747
0.47176296996997 0.6095455765765766 0.9697626466466467
0.47314492792792795 0.6108967837837838 0.9701986186186186
0.4745268858858859 0.6122479909909909 0.9706345905905905
0.47590884384384385 0.6135991981981982 0.9710705625625625
0.4772908018018018 0.6149504054054054 0.9715065345345345
0.4786727597597598 0.6163016126126126 0.9719425065065065
0.48005471771771774 0.6176528198198198 0.9723784784784785
0.48143667567567566 0.619004027027027 0.9728144504504505
0.48281863363363364 0.6203552342342342 0.9732504224224224
0.48420059159159157 0.6217064414414414 0.9736863943943944
0.4855825495495496 0.6230576486486487 0.9741223663663664
0.4869645075075075 0.6244088558558558 0.9745583383383384
0.48834646546546545 0.625760063063063 0.9749943103103103
0.48972842342342343 0.6271112702702702 0.9754302822822822
0.49111038138138147 0.6284624774774775 0.9758662542542542
0.4924923393393394 0.6298136846846847 0.9763022262262262
0.4938742972972973 0.6311648918918918 0.9767381981981982
0.49525625525525524 0.632516099099099 0.9771741701701702
0.4966382132132132 0.6338673063063063 0.9776101421421421
0.49802017117117126 0.6352185135135135 0.9780461141141141
0.4994021291291292 0.6365697207207207 0.9784820860860861
0.5007840870870871 0.6379209279279279 0.9789180580580581
0.502166045045045 0.639272135135135 0.9793540300300301
0.5035480030030031 0.6406233423423423 0.9797900020020021
0.504929960960961 0.6419745495495496 0.980225973973974
0.5063119189189189 0.6433257567567567 0.9806619459459459
0.5076938768768768 0.6446769639639639 0.9810979179179179
0.5090758348348348 0.6460281711711711 0.9815338898898899
0.5104577927927928 0.6473793783783783 0.9819698618618619
0.5118397507507508 0.6487305855855856 0.9824058338338338
0.5132217087087088 0.6500817927927928 0.9828418058058058
0.5146036666666667 0.6514329999999999 0.9832777777777778
0.5159856246246246 0.6527842072072072 0.9837137497497498
0.5173675825825826 0.6541354144144144 0.9841497217217218
0.5187495405405406 0.6554866216216216 0.9845856936936938
0.5201314984984985 0.6568378288288288 0.9850216656656657
0.5215134564564564 0.6581890360360361 0.9854576376376376
0.5228954144144143 0.6595402432432432 0.9858936096096096
0.5242773723723724 0.6608914504504504 0.9863295815815816
0.5256593303303304 0.6622426576576577 0.9867655535535536
0.5270412882882883 0.6635938648648648 0.9872015255255255
0.5284232462462463 0.6649450720720721 0.9876374974974975
0.5298052042042042 0.6662962792792793 0.9880734694694695
0.5311871621621622 0.6676474864864865 0.9885094414414415
0.5325691201201201 0.6689986936936937 0.9889454134134135
0.5339510780780781 0.6703499009009009 0.9893813853853854
0.535333036036036 0.6717011081081081 0.9898173573573574
0.5367149939939939 0.6730523153153153 0.9902533293293293
0.538096951951952 0.6744035225225226 0.9906893013013013
0.53947890990991 0.6757547297297297 0.9911252732732733
0.5408608678678679 0.677105936936937 0.9915612452452452
0.5422428258258258 0.6784571441441442 0.9919972172172172
0.5436247837837838 0.6798083513513513 0.9924331891891892
0.5450067417417418 0.6811595585585586 0.9928691611611612
0.5463886996996997 0.6825107657657659 0.9933051331331332
0.5477706576576576 0.683861972972973 0.9937411051051052
0.5491526156156156 0.6852131801801802 0.9941770770770771
0.5505345735735736 0.6865643873873875 0.9946130490490491
0.5519165315315315 0.6879155945945946 0.9950490210210211
0.5532982372372373 0.689211966966967 0.9953871111111111
0.5546791861861862 0.6903438348348349 0.9954315555555556
0.5560601351351351 0.6914757027027026 0.995476
0.5574410840840841 0.6926075705705707 0.9955204444444444
0.558822033033033 0.6937394384384384 0.9955648888888889
0.560202981981982 0.6948713063063063 0.9956093333333333
0.561583930930931 0.6960031741741742 0.9956537777777779
0.5629648798798799 0.697135042042042 0.9956982222222223
0.5643458288288289 0.6982669099099099 0.9957426666666667
0.5657267777777778 0.6993987777777778 0.9957871111111112
0.5671077267267268 0.7005306456456457 0.9958315555555556
0.5684886756756757 0.7016625135135135 0.995876
0.5698696246246246 0.7027943813813814 0.9959204444444445
0.5712505735735736 0.7039262492492493 0.9959648888888889
0.5726315225225225 0.7050581171171171 0.9960093333333334
0.5740124714714715 0.706189984984985 0.9960537777777778
0.5753934204204204 0.7073218528528529 0.9960982222222222
0.5767743693693693 0.7084537207207207 0.9961426666666667
0.5781553183183183 0.7095855885885887 0.9961871111111111
0.5795362672672673 0.7107174564564565 0.9962315555555555
0.5809172162162163 0.7118493243243244 0.996276
0.5822981651651652 0.7129811921921922 0.9963204444444445
0.5836791141141141 0.71411306006006 0.996364888888889
0.5850600630630631 0.7152449279279279 0.9964093333333334
0.586441012012012 0.7163767957957958 0.9964537777777778
0.587821960960961 0.7175086636636637 0.9964982222222223
0.5892029099099099 0.7186405315315315 0.9965426666666667
0.5905838588588589 0.7197723993993994 0.9965871111111111
0.5919648078078078 0.7209042672672673 0.9966315555555556
0.5933457567567567 0.7220361351351351 0.996676
0.5947267057057057 0.723168003003003 0.9967204444444445
0.5961076546546547 0.7242998708708709 0.9967648888888889
0.5974886036036037 0.7254317387387388 0.9968093333333333
0.5988695525525526 0.7265636066066067 0.9968537777777778
0.6002505015015015 0.7276954744744745 0.9968982222222222
0.6016314504504504 0.7288273423423424 0.9969426666666666
0.6030123993993993 0.7299592102102103 0.9969871111111112
0.6043933483483483 0.7310910780780782 0.9970315555555556
0.6057742972972973 0.732222945945946 0.9970760000000001
0.6071552462462462 0.7333548138138138 0.9971204444444445
0.6085361951951952 0.7344866816816817 0.9971648888888889
0.6099171441441441 0.7356185495495495 0.9972093333333334
0.6112980930930931 0.7367504174174175 0.9972537777777778
0.612679042042042 0.7378822852852853 0.9972982222222222
0.614059990990991 0.7390141531531531 0.9973426666666667
0.61544093993994 0.7401460210210211 0.9973871111111111
0.6168218888888889 0.7412778888888889 0.9974315555555556
0.6182028378378378 0.7424097567567568 0.997476
0.6195837867867867 0.7435416246246247 0.9975204444444444
0.6209647357357356 0.7446734924924925 0.997564888888889
0.6223456846846847 0.7458053603603604 0.9976093333333333
0.6237266336336336 0.7469372282282283 0.9976537777777778
0.6251075825825826 0.7480690960960962 0.9976982222222223
0.6264885315315315 0.749200963963964 0.9977426666666667
0.6278694804804805 0.7503328318318319 0.9977871111111112
0.6292504294294294 0.7514646996996998 0.9978315555555556
0.6306313783783783 0.7525965675675677 0.997876
0.6320123273273273 0.7537284354354354 0.9979204444444445
0.6333932762762762 0.7548603033033033 0.9979648888888889
0.6347742252252252 0.7559921711711712 0.9980093333333333
0.6361551741741741 0.7571240390390391 0.9980537777777778
0.637536123123123 0.7582559069069069 0.9980982222222222
0.638917072072072 0.7593877747747748 0.9981426666666666
0.6402563013013013 0.7603072962962963 0.9978702312312312
0.6415859029029028 0.7611778148148148 0.9975246696696697
0.6429155045045045 0.7620483333333334 0.9971791081081082
0.6442451061061061 0.7629188518518519 0.9968335465465465
0.6455747077077076 0.7637893703703704 0.996487984984985
0.6469043093093093 0.7646598888888889 0.9961424234234234
0.6482339109109109 0.7655304074074075 0.9957968618618619
0.6495635125125124 0.766400925925926 0.9954513003003003
0.6508931141141141 0.7672714444444445 0.9951057387387388
0.6522227157157157 0.768141962962963 0.9947601771771771
0.6535523173173172 0.7690124814814815 0.9944146156156156
0.6548819189189189 0.7698830000000001 0.9940690540540541
0.6562115205205205 0.7707535185185186 0.9937234924924925
0.657541122122122 0.7716240370370371 0.993377930930931
0.6588707237237237 0.7724945555555556 0.9930323693693693
0.6602003253253252 0.7733650740740741 0.9926868078078078
0.6615299269269269 0.7742355925925927 0.9923412462462462
0.6628595285285285 0.7751061111111112 0.9919956846846847
0.66418913013013 0.7759766296296297 0.9916501231231232
0.6655187317317317 0.7768471481481481 0.9913045615615615
0.6668483333333333 0.7777176666666668 0.990959
0.6681779349349349 0.7785881851851852 0.9906134384384384
0.6695075365365365 0.7794587037037037 0.9902678768768769
0.6708371381381381 0.7803292222222222 0.9899223153153153
0.6721667397397397 0.7811997407407408 0.9895767537537538
0.6734963413413413 0.7820702592592593 0.9892311921921922
0.674825942942943 0.7829407777777778 0.9888856306306306
0.6761555445445445 0.7838112962962963 0.9885400690690691
0.6774851461461462 0.7846818148148149 0.9881945075075075
0.6788147477477477 0.7855523333333334 0.987848945945946
0.6801443493493493 0.7864228518518519 0.9875033843843843
0.681473950950951 0.7872933703703704 0.9871578228228228
0.6828035525525525 0.7881638888888889 0.9868122612612612
0.6841331541541542 0.7890344074074075 0.9864666996996997
0.6854627557557558 0.789904925925926 0.9861211381381382
0.6867923573573573 0.7907754444444445 0.9857755765765766
0.6881219589589589 0.791645962962963 0.985430015015015
0.6894515605605606 0.7925164814814816 0.9850844534534534
0.6907811621621621 0.7933870000000001 0.9847388918918919
0.6921107637637637 0.7942575185185186 0.9843933303303303
0.6934403653653654 0.795128037037037 0.9840477687687688
0.6947699669669669 0.7959985555555557 0.9837022072072071
0.6960995685685685 0.7968690740740741 0.9833566456456456
0.6974291701701701 0.7977395925925926 0.9830110840840841
0.6987587717717717 0.7986101111111111 0.9826655225225225
0.7000883733733733 0.7994806296296296 0.982319960960961
0.7014179749749749 0.8003511481481482 0.9819743993993993
0.7027475765765765 0.8012216666666667 0.9816288378378378
0.7040771781781782 0.8020921851851852 0.9812832762762762
0.7054067797797797 0.8029627037037037 0.9809377147147147
0.7067363813813813 0.8038332222222222 0.9805921531531532
0.708065982982983 0.8047037407407408 0.9802465915915916
0.7093955845845845 0.8055742592592593 0.97990103003003
0.7107251861861862 0.8064447777777778 0.9795554684684684
0.7120547877877877 0.8073152962962963 0.9792099069069069
0.7133843893893894 0.8081858148148149 0.9788643453453453
0.714713990990991 0.8090563333333334 0.9785187837837838
0.7160435925925925 0.8099268518518519 0.9781732222222222
0.7173731941941942 0.8107973703703704 0.9778276606606606
0.7187027957957958 0.811667888888889 0.9774820990990991
0.7200323973973974 0.8125384074074075 0.9771365375375375
0.721361998998999 0.813408925925926 0.976790975975976
0.7226524534534534 0.8141682132132132 0.9763054144144144
0.7238776626626626 0.8147421151151152 0.9755865195195195
0.7251028718718718 0.8153160170170171 0.9748676246246246
0.726328081081081 0.8158899189189189 0.9741487297297297
0.7275532902902903 0.8164638208208208 0.9734298348348348
0.7287784994994995 0.8170377227227228 0.97271093993994
0.7300037087087087 0.8176116246246247 0.971992045045045
0.7312289179179179 0.8181855265265265 0.9712731501501501
0.7324541271271271 0.8187594284284285 0.9705542552552552
0.7336793363363363 0.8193333303303304 0.9698353603603603
0.7349045455455455 0.8199072322322323 0.9691164654654655
0.7361297547547547 0.8204811341341341 0.9683975705705705
0.7373549639639639 0.821055036036036 0.9676786756756757
0.7385801731731731 0.821628937937938 0.9669597807807807
0.7398053823823824 0.8222028398398399 0.9662408858858859
0.7410305915915916 0.8227767417417418 0.965521990990991
0.7422558008008008 0.8233506436436436 0.964803096096096
0.74348101001001 0.8239245455455456 0.9640842012012012
0.7447062192192192 0.8244984474474475 0.9633653063063062
0.7459314284284284 0.8250723493493494 0.9626464114114114
0.7471566376376376 0.8256462512512512 0.9619275165165165
0.7483818468468468 0.8262201531531532 0.9612086216216216
0.749607056056056 0.8267940550550551 0.9604897267267267
0.7508322652652653 0.827367956956957 0.9597708318318318
0.7520574744744745 0.8279418588588588 0.9590519369369369
0.7532826836836836 0.8285157607607608 0.9583330420420421
0.7545078928928929 0.8290896626626627 0.9576141471471471
0.7557331021021021 0.8296635645645646 0.9568952522522522
0.7569583113113113 0.8302374664664665 0.9561763573573573
0.7581835205205205 0.8308113683683684 0.9554574624624624
0.7594087297297297 0.8313852702702703 0.9547385675675675
0.7606339389389389 0.8319591721721722 0.9540196726726726
0.761859148148148 0.8325330740740741 0.9533007777777778
0.7630843573573574 0.833106975975976 0.9525818828828828
0.7643095665665666 0.8336808778778779 0.951862987987988
0.7655347757757758 0.8342547797797798 0.9511440930930931
0.766759984984985 0.8348286816816817 0.9504251981981982
0.7679851941941941 0.8354025835835837 0.9497063033033033
0.7692104034034034 0.8359764854854855 0.9489874084084083
0.7704356126126125 0.8365503873873874 0.9482685135135135
0.7716608218218218 0.8371242892892894 0.9475496186186186
0.772886031031031 0.8376981911911913 0.9468307237237237
0.7741112402402401 0.8382720930930931 0.9461118288288288
0.7753364494494495 0.838845994994995 0.9453929339339339
0.7765616586586586 0.8394198968968969 0.944674039039039
0.7777868678678679 0.8399937987987989 0.9439551441441442
0.779012077077077 0.8405677007007007 0.9432362492492492
0.7802372862862862 0.8411416026026026 0.9425173543543544
0.7814624954954955 0.8417155045045045 0.9417984594594594
0.7826877047047046 0.8422894064064065 0.9410795645645645
0.7839129139139139 0.8428633083083084 0.9403606696696697
0.785138123123123 0.8434372102102102 0.9396417747747747
0.7863633323323322 0.8440111121121121 0.9389228798798799
0.7875885415415416 0.8445850140140141 0.9382039849849849
0.7888137507507507 0.845158915915916 0.9374850900900901
0.79003895995996 0.8457328178178178 0.9367661951951952
0.7912641691691691 0.8463067197197197 0.9360473003003003
0.7924893783783784 0.8468806216216217 0.9353284054054054
0.7937145875875875 0.8474545235235236 0.9346095105105106
0.7949397967967967 0.8480284254254254 0.9338906156156156
0.7961650060060059 0.8486023273273273 0.9331717207207207
0.7973902152152151 0.8491762292292293 0.9324528258258258
0.7986154244244243 0.8497501311311312 0.9317339309309309
0.7996935465465465 0.8500205945945947 0.9306936096096096
0.8007618628628628 0.8502708288288289 0.9296318598598599
0.8018301791791792 0.8505210630630631 0.92857011011011
0.8028984954954954 0.8507712972972973 0.9275083603603603
0.8039668118118118 0.8510215315315316 0.9264466106106106
0.805035128128128 0.8512717657657658 0.9253848608608608
0.8061034444444444 0.851522 0.9243231111111111
0.8071717607607607 0.8517722342342343 0.9232613613613614
0.808240077077077 0.8520224684684685 0.9221996116116116
0.8093083933933933 0.8522727027027027 0.9211378618618619
0.8103767097097097 0.8525229369369369 0.9200761121121122
0.811445026026026 0.8527731711711712 0.9190143623623623
0.8125133423423423 0.8530234054054054 0.9179526126126126
0.8135816586586586 0.8532736396396396 0.9168908628628629
0.8146499749749749 0.853523873873874 0.9158291131131131
0.8157182912912913 0.8537741081081082 0.9147673633633634
0.8167866076076076 0.8540243423423424 0.9137056136136137
0.8178549239239239 0.8542745765765766 0.9126438638638639
0.8189232402402402 0.8545248108108109 0.9115821141141142
0.8199915565565565 0.8547750450450451 0.9105203643643643
0.8210598728728729 0.8550252792792793 0.9094586146146146
0.8221281891891892 0.8552755135135135 0.9083968648648649
0.8231965055055055 0.8555257477477478 0.9073351151151151
0.8242648218218218 0.855775981981982 0.9062733653653654
0.8253331381381381 0.8560262162162162 0.9052116156156156
0.8264014544544545 0.8562764504504505 0.9041498658658659
0.8274697707707708 0.8565266846846847 0.9030881161161162
0.8285380870870871 0.8567769189189189 0.9020263663663664
0.8296064034034034 0.8570271531531531 0.9009646166166166
0.8306747197197197 0.8572773873873875 0.8999028668668668
0.831743036036036 0.8575276216216217 0.8988411171171171
0.8328113523523524 0.8577778558558559 0.8977793673673674
0.8338796686686687 0.8580280900900901 0.8967176176176176
0.8349479849849849 0.8582783243243244 0.8956558678678679
0.8360163013013013 0.8585285585585586 0.8945941181181182
0.8370846176176177 0.8587787927927928 0.8935323683683684
0.838152933933934 0.8590290270270271 0.8924706186186186
0.8392212502502503 0.8592792612612613 0.8914088688688689
0.8402895665665665 0.8595294954954955 0.8903471191191191
0.8413578828828829 0.8597797297297297 0.8892853693693694
0.8424261991991991 0.860029963963964 0.8882236196196197
0.8434945155155156 0.8602801981981982 0.8871618698698699
0.8445628318318318 0.8605304324324324 0.8861001201201202
0.8456311481481481 0.8607806666666666 0.8850383703703705
0.8466994644644645 0.861030900900901 0.8839766206206207
0.8477677807807807 0.8612811351351352 0.882914870870871
0.8488360970970972 0.8615313693693694 0.8818531211211211
0.8499044134134134 0.8617816036036037 0.8807913713713714
0.8509727297297297 0.8620318378378379 0.8797296216216217
0.852041046046046 0.8622820720720721 0.8786678718718719
0.8531093623623623 0.8625323063063063 0.8776061221221222
0.8541776786786787 0.8627825405405406 0.8765443723723724
0.855245994994995 0.8630327747747748 0.8754826226226227
0.8563143113113113 0.863283009009009 0.874420872872873
0.8573826276276276 0.8635332432432432 0.8733591231231231
0.858450943943944 0.8637834774774775 0.8722973733733734
0.8595192602602603 0.8640337117117117 0.8712356236236236
0.8605875765765766 0.8642839459459459 0.8701738738738739
0.8616558928928929 0.8645341801801802 0.8691121241241242
0.8627242092092092 0.8647844144144144 0.8680503743743744
0.8637925255255255 0.8650346486486487 0.8669886246246247
0.8648608418418419 0.8652848828828829 0.865926874874875
0.8658653343343344 0.8651054954954955 0.8646681681681682
0.866806003003003 0.8644964864864865 0.8632125045045045
0.8677466716716717 0.8638874774774775 0.8617568408408409
0.8686873403403403 0.8632784684684685 0.8603011771771772
0.8696280090090089 0.8626694594594595 0.8588455135135137
0.8705686776776778 0.8620604504504504 0.8573898498498498
0.8715093463463464 0.8614514414414415 0.8559341861861862
0.8724500150150151 0.8608424324324324 0.8544785225225225
0.8733906836836837 0.8602334234234235 0.853022858858859
0.8743313523523524 0.8596244144144145 0.8515671951951953
0.8752720210210211 0.8590154054054054 0.8501115315315315
0.8762126896896897 0.8584063963963964 0.8486558678678678
0.8771533583583584 0.8577973873873874 0.8472002042042043
0.878094027027027 0.8571883783783785 0.8457445405405406
0.8790346956956957 0.8565793693693694 0.844288876876877
0.8799753643643644 0.8559703603603603 0.8428332132132131
0.880916033033033 0.8553613513513514 0.8413775495495496
0.8818567017017017 0.8547523423423423 0.8399218858858859
0.8827973703703703 0.8541433333333334 0.8384662222222223
0.883738039039039 0.8535343243243244 0.8370105585585587
0.8846787077077077 0.8529253153153153 0.8355548948948949
0.8856193763763764 0.8523163063063063 0.8340992312312312
0.886560045045045 0.8517072972972973 0.8326435675675676
0.8875007137137136 0.8510982882882884 0.831187903903904
0.8884413823823823 0.8504892792792793 0.8297322402402403
0.8893820510510511 0.8498802702702702 0.8282765765765765
0.8903227197197198 0.8492712612612613 0.8268209129129129
0.8912633883883884 0.8486622522522522 0.8253652492492493
0.892204057057057 0.8480532432432433 0.8239095855855857
0.8931447257257257 0.8474442342342343 0.822453921921922
0.8940853943943944 0.8468352252252253 0.8209982582582582
0.8950260630630631 0.8462262162162162 0.8195425945945946
0.8959667317317317 0.8456172072072072 0.818086930930931
0.8969074004004004 0.8450081981981983 0.8166312672672673
0.897848069069069 0.8443991891891892 0.8151756036036037
0.8987887377377377 0.8437901801801801 0.8137199399399399
0.8997294064064064 0.8431811711711712 0.8122642762762763
0.900670075075075 0.8425721621621622 0.8108086126126126
0.9016107437437437 0.8419631531531532 0.809352948948949
0.9025514124124123 0.8413541441441442 0.8078972852852854
0.9034920810810811 0.8407451351351352 0.8064416216216216
0.9044327497497497 0.8401361261261262 0.8049859579579579
0.9053734184184183 0.8395271171171171 0.8035302942942943
0.906314087087087 0.8389181081081082 0.8020746306306307
0.9072547557557556 0.8383090990990991 0.800618966966967
0.9081954244244245 0.83770009009009 0.7991633033033032
0.9091360930930931 0.8370910810810811 0.7977076396396396
0.9100767617617617 0.8364820720720721 0.796251975975976
0.9110174304304304 0.8358730630630631 0.7947963123123124
0.9119580990990991 0.835264054054054 0.7933406486486486
0.9128987677677678 0.8346550450450451 0.7918849849849849
0.9138394364364364 0.8340460360360361 0.7904293213213213
0.914780105105105 0.833437027027027 0.7889736576576577
0.9157207737737737 0.8328280180180181 0.787517993993994
0.9166614424424424 0.832219009009009 0.7860623303303302
0.9176021111111111 0.8316100000000001 0.7846066666666667
0.9185427797797797 0.831000990990991 0.783151003003003
0.9194834484484484 0.830391981981982 0.7816953393393393
0.920424117117117 0.829782972972973 0.7802396756756758
0.9213647857857857 0.8291739639639639 0.778784012012012
0.9223054544544544 0.828564954954955 0.7773283483483483
0.923246123123123 0.827955945945946 0.7758726846846846
0.9241627597597597 0.8273273253253254 0.7744114034034034
0.9247189159159158 0.8264045305305306 0.7728658578578579
0.925275072072072 0.8254817357357357 0.7713203123123122
0.9258312282282282 0.824558940940941 0.7697747667667667
0.9263873843843843 0.8236361461461462 0.7682292212212212
0.9269435405405405 0.8227133513513514 0.7666836756756757
0.9274996966966966 0.8217905565565566 0.7651381301301302
0.9280558528528529 0.8208677617617618 0.7635925845845845
0.928612009009009 0.819944966966967 0.762047039039039
0.9291681651651651 0.8190221721721722 0.7605014934934935
0.9297243213213212 0.8180993773773775 0.758955947947948
0.9302804774774774 0.8171765825825826 0.7574104024024024
0.9308366336336336 0.8162537877877878 0.7558648568568568
0.9313927897897898 0.815330992992993 0.7543193113113112
0.9319489459459459 0.8144081981981982 0.7527737657657657
0.932505102102102 0.8134854034034035 0.7512282202202203
0.9330612582582581 0.8125626086086087 0.7496826746746748
0.9336174144144144 0.8116398138138138 0.7481371291291291
0.9341735705705705 0.810717019019019 0.7465915835835836
0.9347297267267267 0.8097942242242242 0.745046038038038
0.9352858828828828 0.8088714294294295 0.7435004924924925
0.935842039039039 0.8079486346346347 0.7419549469469471
0.9363981951951952 0.8070258398398398 0.7404094014014013
0.9369543513513513 0.806103045045045 0.7388638558558558
0.9375105075075074 0.8051802502502503 0.7373183103103104
0.9380666636636636 0.8042574554554555 0.7357727647647648
0.9386228198198198 0.8033346606606607 0.7342272192192193
0.939178975975976 0.8024118658658659 0.7326816736736737
0.9397351321321321 0.801489071071071 0.7311361281281281
0.9402912882882882 0.8005662762762763 0.7295905825825826
0.9408474444444443 0.7996434814814816 0.728045037037037
0.9414036006006006 0.7987206866866867 0.7264994914914916
0.9419597567567567 0.7977978918918919 0.7249539459459459
0.9425159129129129 0.7968750970970971 0.7234084004004004
0.943072069069069 0.7959523023023023 0.7218628548548549
0.9436282252252252 0.7950295075075076 0.7203173093093094
0.9441843813813813 0.7941067127127128 0.7187717637637638
0.9447405375375375 0.7931839179179179 0.7172262182182182
0.9452966936936936 0.7922611231231231 0.7156806726726727
0.9458528498498497 0.7913383283283284 0.7141351271271271
0.946409006006006 0.7904155335335336 0.7125895815815817
0.9469651621621621 0.7894927387387388 0.7110440360360362
0.9475213183183183 0.788569943943944 0.7094984904904905
0.9480774744744744 0.7876471491491491 0.707952944944945
0.9486336306306306 0.7867243543543544 0.7064073993993994
0.9491897867867867 0.7858015595595597 0.7048618538538539
0.9497459429429429 0.7848787647647647 0.7033163083083083
0.950302099099099 0.78395596996997 0.7017707627627627
0.9508582552552552 0.7830331751751752 0.7002252172172172
0.9514144114114114 0.7821103803803804 0.6986796716716718
0.9519705675675675 0.7811875855855857 0.6971341261261262
0.9525267237237237 0.7802647907907908 0.6955885805805806
0.9530828798798798 0.779341995995996 0.6940430350350351
0.953639036036036 0.7784192012012012 0.6924974894894895
0.9541951921921922 0.7774964064064065 0.690951943943944
0.9547513483483483 0.7765736116116116 0.6894063983983985
0.9553075045045045 0.7756508168168168 0.6878608528528528
0.9558636606606606 0.7747280220220221 0.6863153073073073
0.9564198168168168 0.7738052272272272 0.6847697617617619
0.9569759729729729 0.7728824324324325 0.6832242162162163
0.9575321291291291 0.7719596376376376 0.6816786706706708
0.9580882852852852 0.7710368428428428 0.6801331251251251
0.9586444414414415 0.7701140480480481 0.6785875795795796
0.9589641211211211 0.7690122342342343 0.6770206826826828
0.9591419149149149 0.767803009009009 0.675440974974975
0.9593197087087086 0.7665937837837838 0.6738612672672674
0.9594975025025024 0.7653845585585585 0.6722815595595596
0.9596752962962962 0.7641753333333333 0.6707018518518518
0.95985309009009 0.7629661081081082 0.6691221441441442
0.9600308838838838 0.7617568828828829 0.6675424364364365
0.9602086776776776 0.7605476576576577 0.6659627287287289
0.9603864714714715 0.7593384324324324 0.664383021021021
0.9605642652652653 0.7581292072072072 0.6628033133133133
0.9607420590590591 0.756919981981982 0.6612236056056057
0.9609198528528529 0.7557107567567568 0.659643897897898
0.9610976466466467 0.7545015315315315 0.6580641901901904
0.9612754404404404 0.7532923063063063 0.6564844824824825
0.9614532342342342 0.752083081081081 0.6549047747747748
0.961631028028028 0.7508738558558559 0.6533250670670672
0.9618088218218218 0.7496646306306307 0.6517453593593594
0.9619866156156156 0.7484554054054054 0.6501656516516517
0.9621644094094094 0.7472461801801802 0.6485859439439439
0.9623422032032032 0.7460369549549549 0.6470062362362362
0.962519996996997 0.7448277297297298 0.6454265285285286
0.9626977907907908 0.7436185045045045 0.6438468208208209
0.9628755845845846 0.7424092792792794 0.6422671131131132
0.9630533783783783 0.741200054054054 0.6406874054054054
0.9632311721721721 0.7399908288288288 0.6391076976976977
0.9634089659659659 0.7387816036036036 0.63752798998999
0.9635867597597597 0.7375723783783784 0.6359482822822824
0.9637645535535535 0.7363631531531533 0.6343685745745746
0.9639423473473473 0.7351539279279279 0.6327888668668669
0.9641201411411411 0.7339447027027026 0.6312091591591592
0.9642979349349349 0.7327354774774775 0.6296294514514514
0.9644757287287287 0.7315262522522523 0.6280497437437438
0.9646535225225225 0.730317027027027 0.6264700360360361
0.9648313163163162 0.7291078018018018 0.6248903283283282
0.96500911011011 0.7278985765765765 0.6233106206206206
0.9651869039039038 0.7266893513513514 0.6217309129129129
0.9653646976976976 0.7254801261261261 0.6201512052052053
0.9655424914914914 0.724270900900901 0.6185714974974976
0.9657202852852853 0.7230616756756756 0.6169917897897897
0.9658980790790791 0.7218524504504504 0.6154120820820821
0.9660758728728729 0.7206432252252253 0.6138323743743744
0.9662536666666667 0.719434 0.6122526666666668
0.9664314604604605 0.7182247747747749 0.610672958958959
0.9666092542542543 0.7170155495495495 0.6090932512512512
0.966787048048048 0.7158063243243243 0.6075135435435435
0.9669648418418418 0.7145970990990991 0.6059338358358358
0.9671426356356356 0.7133878738738739 0.6043541281281282
0.9673204294294294 0.7121786486486487 0.6027744204204205
0.9674982232232232 0.7109694234234234 0.6011947127127126
0.967676017017017 0.7097601981981981 0.599615005005005
0.9678538108108108 0.708550972972973 0.5980352972972973
0.9680316046046046 0.7073417477477477 0.5964555895895897
0.9682093983983984 0.7061325225225225 0.5948758818818818
0.9683871921921922 0.7049232972972972 0.5932961741741741
0.968564985985986 0.703714072072072 0.5917164664664665
0.9687427797797797 0.7025048468468469 0.5901367587587588
0.9689205735735735 0.7012956216216216 0.5885570510510512
0.9690983673673673 0.7000863963963964 0.5869773433433433
0.9692761611611611 0.6988771711711711 0.5853976356356356
0.9694539549549549 0.6976679459459459 0.5838179279279279
0.9696317487487487 0.6964587207207207 0.5822382202202202
0.9698095425425425 0.6952494954954955 0.5806585125125125
0.969918111111111 0.6939924504504503 0.5790819099099098
0.9697267037037037 0.6925281861861862 0.5775187627627627
0.9695352962962963 0.6910639219219219 0.5759556156156156
0.9693438888888889 0.6895996576576576 0.5743924684684685
0.9691524814814815 0.6881353933933935 0.5728293213213214
0.9689610740740741 0.6866711291291291 0.5712661741741741
0.9687696666666666 0.6852068648648648 0.569703027027027
0.9685782592592592 0.6837426006006005 0.5681398798798799
0.9683868518518518 0.6822783363363364 0.5665767327327328
0.9681954444444445 0.6808140720720721 0.5650135855855857
0.968004037037037 0.6793498078078077 0.5634504384384383
0.9678126296296297 0.6778855435435435 0.5618872912912912
0.9676212222222222 0.6764212792792793 0.5603241441441441
0.9674298148148148 0.674957015015015 0.558760996996997
0.9672384074074074 0.6734927507507508 0.5571978498498499
0.967047 0.6720284864864864 0.5556347027027027
0.9668555925925926 0.6705642222222221 0.5540715555555555
0.9666641851851852 0.669099957957958 0.5525084084084084
0.9664727777777777 0.6676356936936937 0.5509452612612613
0.9662813703703704 0.6661714294294295 0.5493821141141142
0.966089962962963 0.664707165165165 0.5478189669669669
0.9658985555555556 0.6632429009009009 0.5462558198198197
0.9657071481481482 0.6617786366366366 0.5446926726726726
0.9655157407407408 0.6603143723723723 0.5431295255255255
0.9653243333333333 0.6588501081081082 0.5415663783783784
0.9651329259259259 0.6573858438438438 0.5400032312312312
0.9649415185185185 0.6559215795795795 0.5384400840840841
0.9647501111111111 0.6544573153153153 0.5368769369369369
0.9645587037037037 0.6529930510510511 0.5353137897897898
0.9643672962962964 0.6515287867867868 0.5337506426426427
0.9641758888888889 0.6500645225225224 0.5321874954954954
0.9639844814814815 0.6486002582582582 0.5306243483483483
0.9637930740740741 0.647135993993994 0.5290612012012011
0.9636016666666667 0.6456717297297297 0.5274980540540541
0.9634102592592593 0.6442074654654655 0.525934906906907
0.9632188518518519 0.6427432012012011 0.5243717597597597
0.9630274444444444 0.6412789369369369 0.5228086126126126
0.962836037037037 0.6398146726726727 0.5212454654654655
0.9626446296296297 0.6383504084084084 0.5196823183183183
0.9624532222222223 0.6368861441441442 0.5181191711711712
0.9622618148148149 0.6354218798798799 0.5165560240240239
0.9620704074074075 0.6339576156156156 0.5149928768768768
0.961879 0.6324933513513513 0.5134297297297298
0.9616875925925926 0.6310290870870872 0.5118665825825827
0.9614961851851852 0.6295648228228229 0.5103034354354355
0.9613047777777778 0.6281005585585585 0.5087402882882882
0.9611133703703704 0.6266362942942942 0.5071771411411411
0.960921962962963 0.6251720300300301 0.505613993993994
0.9607305555555556 0.6237077657657658 0.5040508468468469
0.9605391481481482 0.6222435015015014 0.5024876996996996
0.9603477407407408 0.6207792372372372 0.5009245525525525
0.9601563333333334 0.619314972972973 0.4993614054054054
0.959964925925926 0.6178507087087087 0.4977982582582583
0.9597735185185186 0.6163864444444445 0.4962351111111112
0.9595821111111111 0.6149221801801801 0.49467196396396385
0.9593907037037037 0.6134579159159159 0.49310881681681673
0.9591992962962963 0.6119936516516516 0.4915456696696696
0.9590078888888889 0.6105293873873874 0.4899825225225225
0.9588164814814816 0.6090651231231232 0.48841937537537544
0.9586250740740742 0.6076008588588588 0.48685622822822816
0.9584336666666667 0.6061365945945946 0.48529308108108105
0.9582422592592593 0.6046723303303303 0.48372993393393393
0.9580508518518519 0.6032080660660661 0.4821667867867868
0.957593894894895 0.6015743363363364 0.48064920120120125
0.9570484214214214 0.599884118118118 0.4791468028028027
0.956502947947948 0.5981938998998999 0.47764440440440437
0.9559574744744745 0.5965036816816817 0.476142006006006
0.9554120010010011 0.5948134634634635 0.47463960760760765
0.9548665275275277 0.5931232452452453 0.47313720920920926
0.9543210540540541 0.5914330270270269 0.4716348108108107
0.9537755805805807 0.5897428088088088 0.4701324124124124
0.9532301071071072 0.5880525905905906 0.468630014014014
0.9526846336336336 0.5863623723723724 0.4671276156156156
0.9521391601601602 0.5846721541541542 0.4656252172172173
0.9515936866866868 0.5829819359359358 0.4641228188188187
0.9510482132132132 0.5812917177177177 0.4626204204204204
0.9505027397397398 0.5796014994994995 0.461118022022022
0.9499572662662663 0.5779112812812813 0.4596156236236236
0.9494117927927929 0.5762210630630631 0.4581132252252253
0.9488663193193193 0.5745308448448447 0.45661082682682674
0.9483208458458459 0.5728406266266266 0.45510842842842836
0.9477753723723724 0.5711504084084084 0.45360603003003
0.947229898898899 0.5694601901901902 0.45210363163163164
0.9466844254254255 0.5677699719719721 0.4506012332332333
0.946138951951952 0.5660797537537536 0.44909883483483476
0.9455934784784785 0.5643895355355355 0.4475964364364364
0.9450480050050051 0.5626993173173174 0.44609403803803804
0.9445025315315316 0.5610090990990991 0.44459163963963966
0.9439570580580581 0.559318880880881 0.4430892412412413
0.9434115845845846 0.5576286626626626 0.4415868428428428
0.9428661111111112 0.5559384444444444 0.4400844444444444
0.9423206376376376 0.5542482262262263 0.43858204604604606
0.9417751641641642 0.552558008008008 0.4370796476476477
0.9412296906906907 0.5508677897897899 0.43557724924924934
0.9406842172172172 0.5491775715715715 0.4340748508508508
0.9401387437437437 0.5474873533533533 0.4325724524524524
0.9395932702702703 0.5457971351351352 0.4310700540540541
0.9390477967967968 0.5441069169169169 0.4295676556556557
0.9385023233233234 0.5424166986986988 0.4280652572572573
0.9379568498498498 0.5407264804804804 0.4265628588588588
0.9374113763763764 0.5390362622622622 0.4250604604604604
0.936865902902903 0.5373460440440441 0.42355806206206204
0.9363204294294295 0.5356558258258259 0.4220556636636637
0.9357749559559561 0.5339656076076077 0.4205532652652653
0.9352294824824825 0.5322753893893893 0.4190508668668668
0.934684009009009 0.5305851711711711 0.41754846846846844
0.9341385355355356 0.528894952952953 0.4160460700700701
0.933593062062062 0.5272047347347348 0.4145436716716717
0.9330475885885886 0.5255145165165166 0.41304127327327333
0.9325021151151152 0.5238242982982982 0.41153887487487484
0.9319566416416417 0.5221340800800801 0.41003647647647645
0.9314111681681682 0.5204438618618619 0.40853407807807807
0.9308656946946947 0.5187536436436437 0.40703167967967974
0.9303202212212213 0.5170634254254255 0.40552928128128135
0.9297747477477477 0.5153732072072071 0.4040268828828828
0.9292292742742743 0.513682988988989 0.40252448448448447
0.9286838008008008 0.5119927707707708 0.4010220860860861
0.9281383273273274 0.5103025525525526 0.39951968768768775
0.9275928538538538 0.5086123343343343 0.3980172892892892
0.9270473803803804 0.506922116116116 0.39651489089089087
0.9265019069069069 0.5052318978978979 0.3950124924924925
0.9259564334334335 0.5035416796796797 0.3935100940940941
0.92541095995996 0.5018514614614615 0.3920076956956957
0.9248654864864865 0.5001612432432432 0.3905052972972972
0.924320013013013 0.498471025025025 0.38900289889889883
0.923670935935936 0.4967134244244244 0.38753104604604605
0.922793930930931 0.4948075825825826 0.3861263933933934
0.921916925925926 0.49290174074074083 0.3847217407407408
0.9210399209209209 0.49099589889889883 0.383317088088088
0.9201629159159159 0.489090057057057 0.3819124354354354
0.9192859109109109 0.4871842152152152 0.38050778278278274
0.918408905905906 0.48527837337337343 0.37910313013013014
0.917531900900901 0.48337253153153165 0.37769847747747753
0.9166548958958959 0.48146668968968964 0.37629382482482476
0.9157778908908909 0.4795608478478478 0.3748891721721721
0.9149008858858859 0.477655006006006 0.3734845195195195
0.9140238808808809 0.47574916416416424 0.3720798668668669
0.913146875875876 0.4738433223223224 0.3706752142142143
0.9122698708708709 0.4719374804804804 0.3692705615615615
0.9113928658658659 0.4700316386386386 0.36786590890890886
0.9105158608608609 0.46812579679679683 0.36646125625625625
0.9096388558558559 0.466219954954955 0.36505660360360365
0.9087618508508509 0.4643141131131132 0.363651950950951
0.9078848458458458 0.4624082712712712 0.3622472982982982
0.9070078408408409 0.4605024294294294 0.3608426456456456
0.9061308358358359 0.4585965875875876 0.359437992992993
0.9052538308308309 0.4566907457457458 0.3580333403403404
0.9043768258258259 0.454784903903904 0.35662868768768774
0.9034998208208208 0.452879062062062 0.35522403503503497
0.9026228158158158 0.4509732202202202 0.35381938238238236
0.9017458108108108 0.4490673783783784 0.35241472972972976
0.9008688058058059 0.4471615365365366 0.3510100770770771
0.8999918008008009 0.4452556946946948 0.3496054244244245
0.8991147957957958 0.4433498528528528 0.3482007717717717
0.8982377907907908 0.441444011011011 0.3467961191191191
0.8973607857857858 0.4395381691691692 0.34539146646646646
0.8964837807807808 0.4376323273273274 0.34398681381381385
0.8956067757757759 0.4357264854854856 0.34258216116116125
0.8947297707707708 0.4338206436436436 0.3411775085085085
0.8938527657657658 0.4319148018018018 0.3397728558558558
0.8929757607607608 0.43000895995996 0.3383682032032032
0.8920987557557558 0.4281031181181182 0.3369635505505506
0.8912217507507508 0.4261972762762764 0.33555889789789795
0.8903447457457457 0.4242914344344344 0.3341542452452452
0.8894677407407408 0.42238559259259256 0.33274959259259257
0.8885907357357358 0.4204797507507508 0.33134493993993996
0.8877137307307308 0.418573908908909 0.32994028728728736
0.8868367257257258 0.41666806706706716 0.3285356346346347
0.8859597207207207 0.4147622252252252 0.3271309819819819
0.8850827157157157 0.4128563833833834 0.3257263293293293
0.8842057107107107 0.4109505415415416 0.3243216766766767
0.8833287057057058 0.4090446996996998 0.32291702402402406
0.8824517007007008 0.40713885785785797 0.32151237137137145
0.8815746956956957 0.40523301601601597 0.3201077187187187
0.8806976906906907 0.4033271741741742 0.3187030660660661
0.8798206856856857 0.40142133233233235 0.31729841341341347
0.8789436806806807 0.39951549049049057 0.3158937607607608
0.8780666756756756 0.39760964864864856 0.31448910810810804
0.8771896706706707 0.3957038068068068 0.31308445545545543
0.8763126656656657 0.393797964964965 0.31167980280280283
0.8754356606606607 0.39189212312312316 0.31027515015015017
0.8745586556556557 0.3899862812812814 0.30887049749749756
0.8736816506506506 0.3880804394394394 0.3074658448448448
0.8728046456456456 0.38617459759759754 0.3060611921921922
0.8719276406406407 0.38426875575575575 0.30465653953953953
0.8710506356356357 0.38236291391391397 0.3032518868868869
0.8701736306306307 0.38045707207207213 0.3018472342342343
0.8692966256256256 0.3785512302302302 0.30044258158158155
0.8681561991991992 0.37639267367367363 0.29914950850850847
0.8669781411411411 0.37419801501501504 0.29787237537537536
0.8658000830830832 0.3720033563563564 0.29659524224224226
0.8646220250250252 0.3698086976976978 0.29531810910910916
0.8634439669669669 0.36761403903903894 0.29404097597597595
0.862265908908909 0.36541938038038035 0.29276384284284285
0.8610878508508509 0.3632247217217217 0.2914867097097097
0.8599097927927929 0.3610300630630631 0.2902095765765766
0.8587317347347349 0.35883540440440453 0.2889324434434435
0.8575536766766767 0.35664074574574567 0.2876553103103103
0.8563756186186187 0.3544460870870871 0.2863781771771772
0.8551975605605606 0.35225142842842844 0.28510104404404407
0.8540195025025026 0.35005676976976985 0.28382391091091097
0.8528414444444445 0.3478621111111112 0.28254677777777787
0.8516633863863864 0.3456674524524524 0.2812696446446446
0.8504853283283283 0.34347279379379375 0.2799925115115115
0.8493072702702703 0.34127813513513516 0.2787153783783784
0.8481292122122123 0.3390834764764765 0.2774382452452453
0.8469511541541542 0.33688881781781793 0.2761611121121122
0.8457730960960961 0.33469415915915907 0.2748839789789789
0.844595038038038 0.3324995005005005 0.2736068458458458
0.84341697997998 0.33030484184184183 0.2723297127127127
0.842238921921922 0.32811018318318325 0.2710525795795796
0.8410608638638639 0.32591552452452466 0.2697754464464465
0.8398828058058058 0.3237208658658658 0.26849831331331325
0.8387047477477477 0.3215262072072072 0.26722118018018015
0.8375266896896897 0.31933154854854856 0.26594404704704705
0.8363486316316316 0.31713688988989 0.26466691391391395
0.8351705735735737 0.31494223123123133 0.26338978078078085
0.8339925155155155 0.3127475725725725 0.26211264764764763
0.8328144574574574 0.3105529139139139 0.2608355145145145
0.8316363993993995 0.3083582552552553 0.2595583813813814
0.8304583413413414 0.30616359659659664 0.2582812482482483
0.8292802832832834 0.30396893793793806 0.2570041151151152
0.8281022252252253 0.30177427927927925 0.25572698198198196
0.8269241671671672 0.2995796206206206 0.25444984884884886
0.8257461091091092 0.297384961961962 0.25317271571571576
0.8245680510510511 0.29519030330330337 0.2518955825825826
0.8233899929929931 0.2929956446446448 0.25061844944944955
0.8222119349349349 0.2908009859859859 0.24934131631631629
0.8210338768768769 0.2886063273273273 0.24806418318318318
0.8198558188188189 0.2864116686686687 0.24678705005005008
0.8186777607607608 0.2842170100100101 0.24550991691691698
0.8174997027027028 0.28202235135135145 0.24423278378378385
0.8163216446446446 0.27982769269269264 0.2429556506506506
0.8151435865865866 0.27763303403403405 0.2416785175175175
0.8139655285285285 0.2754383753753754 0.2404013843843844
0.8127874704704705 0.2732437167167168 0.2391242512512513
0.8116094124124125 0.2710490580580582 0.2378471181181182
0.8104313543543543 0.26885439939939937 0.23656998498498494
0.8092532962962963 0.2666597407407407 0.23529285185185184
0.8080752382382382 0.26446508208208214 0.23401571871871873
0.8068971801801802 0.2622704234234235 0.23273858558558563
0.8057191221221223 0.2600757647647649 0.23146145245245253
0.804541064064064 0.25788110610610604 0.2301843193193193
0.803363006006006 0.25568644744744745 0.2289071861861862
0.8021849479479479 0.25349178878878886 0.22763005305305306
0.80100688988989 0.2512971301301302 0.22635291991991996
0.7998288318318318 0.24910247147147138 0.22507578678678675
0.7986507737737738 0.24690781281281277 0.22379865365365362
0.7974727157157158 0.24471315415415415 0.22252152052052052
0.7962946576576577 0.24251849549549553 0.22124438738738741
0.7950016566566567 0.23970232372372388 0.2200334564564565
0.7935608718718719 0.2360870636636635 0.2189076426426426
0.792120087087087 0.23247180360360353 0.2177818288288288
0.7906793023023023 0.22885654354354354 0.21665601501501502
0.7892385175175176 0.22524128348348357 0.21553020120120123
0.7877977327327328 0.22162602342342358 0.21440438738738743
0.7863569479479479 0.2180107633633632 0.21327857357357352
0.7849161631631631 0.21439550330330323 0.21215275975975972
0.7834753783783784 0.21078024324324324 0.21102694594594595
0.7820345935935936 0.20716498318318327 0.20990113213213216
0.7805938088088089 0.2035497231231233 0.20877531831831836
0.779153024024024 0.19993446306306292 0.20764950450450445
0.7777122392392393 0.19631920300300293 0.20652369069069068
0.7762714544544544 0.19270394294294296 0.20539787687687688
0.7748306696696697 0.18908868288288297 0.2042720630630631
0.7733898848848849 0.185473422822823 0.20314624924924932
0.7719491001001001 0.18185816276276262 0.2020204354354354
0.7705083153153153 0.17824290270270265 0.2008946216216216
0.7690675305305306 0.17462764264264266 0.1997688078078078
0.7676267457457457 0.17101238258258267 0.19864299399399404
0.766185960960961 0.1673971225225227 0.19751718018018025
0.7647451761761761 0.16378186246246235 0.19639136636636634
0.7633043913913914 0.16016660240240235 0.19526555255255254
0.7618636066066066 0.15655134234234236 0.19413973873873874
0.7604228218218219 0.1529360822822824 0.19301392492492497
0.7589820370370371 0.14932082222222243 0.19188811111111118
0.7575412522522522 0.14570556216216202 0.19076229729729727
0.7561004674674674 0.14209030210210205 0.18963648348348347
0.7546596826826827 0.13847504204204208 0.18851066966966967
0.753218897897898 0.1348597819819821 0.1873848558558559
0.7517781131131132 0.1312445219219221 0.1862590420420421
0.7503373283283283 0.12762926186186174 0.1851332282282282
0.7488965435435435 0.12401400180180176 0.1840074144144144
0.7474557587587588 0.12039874174174178 0.1828816006006006
0.746014973973974 0.1167834816816818 0.18175578678678683
0.7445741891891893 0.11316822162162182 0.18062997297297304
0.7431334044044043 0.10955296156156144 0.17950415915915913
0.7416926196196196 0.10593770150150147 0.17837834534534533
0.7402518348348348 0.10232244144144148 0.17725253153153156
0.7388110500500501 0.09870718138138151 0.17612671771771776
0.7373702652652654 0.09509192132132152 0.17500090390390396
0.7359294804804805 0.09147666126126114 0.17387509009009006
0.7344886956956956 0.08786140120120117 0.1727492762762763
0.7330479109109109 0.08424614114114118 0.1716234624624625
0.7316071261261262 0.08063088108108121 0.1704976486486487
0.7301663413413414 0.07701562102102125 0.16937183483483492
0.7287255565565565 0.07340036096096086 0.16824602102102099
0.7272847717717718 0.06978510090090087 0.16712020720720722
0.725843986986987 0.0661698408408409 0.16599439339339342
0.7244032022022022 0.06255458078078091 0.16486857957957962
0.7229624174174175 0.058939320720720945 0.16374276576576585
0.7215216326326326 0.05532406066066056 0.16261695195195192
0.7200808478478479 0.05170880060060057 0.16149113813813815
0.718640063063063 0.0480935405405406 0.16036532432432435
0.7171992782782783 0.044478280480480636 0.15923951051051055
0.7157584934934934 0.040863020420420254 0.15811369669669664
0.7143177087087087 0.03724776036036026 0.15698788288288285
0.7128769239239239 0.033632500300300294 0.15586206906906908
0.7114361391391392 0.0300172402402403 0.15473625525525528
0.7099953543543545 0.026401980180180334 0.15361044144144148
0.7085545695695695 0.022786720120119952 0.1524846276276276
0.7071137847847847 0.01917146006005996 0.15135881381381378
0.705673 0.0155562 0.150233
